 6.00 1.00  0.00452  0.01016  0.01780  -13756.2  
 6.00 1.67  0.00910  0.01051  0.01846  -8787.7  
 6.00 2.33  0.01318  0.01091  0.01909  -5435.9  
 6.00 3.00  0.01860  0.01151  0.01941  -1369.9  
 6.00 3.67  0.02240  0.01229  0.02007  5739.6  
 6.00 4.33  0.02576  0.01324  0.02043  14729.2  
 6.00 5.00  0.03338  0.01437  0.02011  23160.7  
 8.00 1.00  0.00897  0.00781  0.01223  -18629.5  
 8.00 1.67  0.01385  0.00824  0.01287  -13199.3  
 8.00 2.33  0.01856  0.00880  0.01359  -9512.3  
 8.00 3.00  0.02469  0.00957  0.01434  -4634.8  
 8.00 3.67  0.02894  0.01054  0.01494  2082.9  
 8.00 4.33  0.03236  0.01166  0.01560  11320.3  
 8.00 5.00  0.04102  0.01308  0.01632  16678.2  
10.00 1.00  0.00996  0.00670  0.00677  -18057.0  
10.00 1.67  0.01511  0.00717  0.00726  -13159.0  
10.00 2.33  0.01986  0.00778  0.00767  -7879.3  
10.00 3.00  0.02634  0.00863  0.00797  -4263.3  
10.00 3.67  0.03057  0.00968  0.00817  3335.9  
10.00 4.33  0.03445  0.01096  0.00846  13160.2  
10.00 5.00  0.04337  0.01254  0.00872  17542.1  
12.00 1.00  0.01005  0.00635  0.00232  -15587.2  
12.00 1.67  0.01552  0.00691  0.00246  -8500.1  
12.00 2.33  0.02140  0.00765  0.00249  -1837.6  
12.00 3.00  0.02880  0.00862  0.00257  3823.5  
12.00 3.67  0.03384  0.00986  0.00269  13414.8  
12.00 4.33  0.03757  0.01121  0.00266  23536.1  
12.00 5.00  0.04721  0.01294  0.00254  29301.1 

