-6.0  -22.0  1987959883.36  -561.631677486  648165.002953  730.671215606
-6.0  -21.33  1825556497.57  -519.056605013  598092.491805  705.091195393
-6.0  -20.66  1672231245.27  -478.706069243  550800.326986  679.92229777
-6.0  -19.99  1527723582.71  -440.520835626  506212.241848  655.172960705
-6.0  -19.32  1391772966.14  -404.441669614  464251.969742  630.851622169
-6.0  -18.65  1264118851.8  -370.409336659  424843.24402  606.966720133
-6.0  -17.98  1144500695.94  -338.36460221  387909.798033  583.526692564
-6.0  -17.31  1032657954.8  -308.24823172  353375.365132  560.539977435
-6.0  -16.64  928330084.63  -280.000990639  321163.678671  538.015012714
-6.0  -15.97  831256541.675  -253.563644418  291198.471999  515.960236372
-6.0  -15.3  741176782.181  -228.876958509  263403.478469  494.384086378
-6.0  -14.63  657830262.393  -205.881698363  237702.431432  473.295000703
-6.0  -13.96  580956438.558  -184.518629431  214019.06424  452.701417316
-6.0  -13.29  510294766.921  -164.728517164  192277.110245  432.611774187
-6.0  -12.62  445584703.728  -146.452127013  172400.302797  413.034509286
-6.0  -11.95  386565705.226  -129.63022443  154312.375249  393.978060583
-6.0  -11.28  332977227.659  -114.203574865  137937.060952  375.450866049
-6.0  -10.61  284558727.275  -100.112943769  123198.093258  357.461363652
-6.0  -9.94  241049660.318  -87.2990965939  110019.205518  340.017991363
-6.0  -9.27  202189483.034  -75.7027987908  98324.1310844  323.129187152
-6.0  -8.6  167717651.67  -65.2648158105  88036.6033079  306.803388989
-6.0  -7.93  137373622.472  -55.9259131043  79080.3555405  291.049034843
-6.0  -7.26  110896851.684  -47.6268561233  71379.1211337  275.874562685
-6.0  -6.59  88026795.5535  -40.3084103187  64856.633439  261.288410485
-6.0  -5.92  68502910.3259  -33.9113411414  59436.6258082  247.299016212
-6.0  -5.25  52064652.247  -28.3764140427  55042.8315928  233.914817836
-6.0  -4.58  38451477.5627  -23.6443944738  51598.9841443  221.144253327
-6.0  -3.91  27402842.5188  -19.6560478856  49028.8168144  208.995760656
-6.0  -3.24  18658203.3613  -16.3521397294  47256.0629546  197.477777792
-6.0  -2.57  11957016.336  -13.6734354563  46204.4559165  186.598742704
-6.0  -1.9  7038737.68873  -11.5607005174  45797.7290517  176.367093364
-6.0  -1.23  3642823.66537  -9.95470036387  45959.6157117  166.791267741
-6.0  -0.56  1508730.51178  -8.79620044678  46613.8492482  157.879703804
-6.0  0.11  375914.473824  -8.02596621728  47684.1630127  149.640839525
-6.0  0.78  -16168.202629  -7.5847631265  49094.2903569  142.083112872
-6.0  1.45  71938.7282795  -7.41335662558  50767.9646322  135.214961815
-6.0  2.12  379691.512412  -7.45251216563  52628.9191904  129.044824325
-6.0  2.79  646546.395631  -7.64299519779  54600.8873829  123.581138372
-6.0  3.46  613399.078304  -7.92557117319  56607.7503532  118.832341925
-6.0  4.13  348840.404919  -8.24100554294  58607.2388221  114.806872954
-6.0  4.8  212075.53535  -8.53006375819  60633.4135808  111.51316943
-6.0  5.47  28930.9121221  -8.73351127006  62697.167095  108.959669321
-6.0  6.14  401054.074399  -8.79211352967  64734.38034  107.154810599
-6.0  6.81  2056911.38945  -8.64663598816  66670.602865  106.107031233
-6.0  7.48  5724969.22456  -8.23784409665  68431.3842192  105.824769192
-6.0  8.15  12133693.947  -7.50650330627  69942.2739517  106.316462448
-6.0  8.82  22011551.924  -6.39337906815  71128.8216118  107.590548969
-6.0  9.49  36087009.523  -4.83923683342  71916.5767486  109.655466726
-6.0  10.16  55088533.111  -2.7848420532  72231.0889114  112.519653689
-6.0  10.83  79744589.0555  -0.170960178629  71997.9076492  116.191547827
-6.0  11.5  110783643.724  3.06164333918  71142.5825112  120.679587111
-6.0  12.17  148934163.483  6.97220304908  69590.6630467  125.99220951
-6.0  12.84  194924614.7  11.6199535  67267.6988049  132.137852995
-6.0  13.51  249483463.743  17.0641292407  64099.2393348  139.124955535
-6.0  14.18  313339176.979  23.3639648201  60010.8341857  146.9619551
-6.0  14.85  387220220.775  30.5786947871  54928.0329068  155.65728966
-6.0  15.52  471855061.498  38.7675536906  48776.3850472  165.219397185
-6.0  16.19  567972165.516  47.9897760795  41481.4401561  175.656715645
-6.0  16.86  676299999.195  58.3045965025  32968.7477827  186.977683011
-6.0  17.53  797567028.904  69.7712495086  23163.8574762  199.19073725
-6.0  18.2  932501721.01  82.4489696466  11992.3187858  212.304316335
-6.0  18.87  1081832541.88  96.3969914655  -620.318739444  226.326858234
-6.0  19.54  1246287957.88  111.674549514  -14748.5055503  241.266800918
-6.0  20.21  1426596435.38  128.340878341  -30466.6920975  257.132582357
-6.0  20.88  1623486440.74  146.455212496  -47849.3288319  273.93264052
-6.0  21.55  1837686440.34  166.076786527  -66970.8662044  291.675413377
-6.0  22.22  2069924900.53  187.264834983  -87905.7546658  310.369338899
-6.0  22.89  2320930287.7  210.078592413  -110728.444667  330.022855055
-6.0  23.56  2591431068.2  234.577293366  -135513.386658  350.644399815
-6.0  24.23  2882155708.4  260.820172391  -162335.031091  372.242411149
-6.0  24.9  3193832674.67  288.866464036  -191267.828416  394.825327027
-6.0  25.57  3527190433.37  318.775402851  -222386.229084  418.401585419
-4.0  -22.0  1099973961.88  -362.830925855  459822.881009  565.514594927
-4.0  -21.33  1009630834.65  -335.337126871  424269.675506  546.55829771
-4.0  -20.66  924363104.196  -309.280262563  390690.444445  528.064257411
-4.0  -19.99  844024434.568  -284.622024547  359031.173173  510.030786435
-4.0  -19.32  768468489.83  -261.32410444  329237.847031  492.456197188
-4.0  -18.65  697548934.042  -239.348193858  301256.451366  475.338802077
-4.0  -17.98  631119431.266  -218.655984418  275032.97152  458.676913507
-4.0  -17.31  569033645.559  -199.209167736  250513.392839  442.468843884
-4.0  -16.64  511145240.984  -180.969435429  227643.700666  426.712905615
-4.0  -15.97  457307881.599  -163.898479113  206369.880346  411.407411106
-4.0  -15.3  407375231.465  -147.957990405  186637.917222  396.550672761
-4.0  -14.63  361200954.642  -133.109660922  168393.796639  382.141002989
-4.0  -13.96  318638715.19  -119.315182279  151583.503941  368.176714194
-4.0  -13.29  279542177.169  -106.536246095  136153.024473  354.656118782
-4.0  -12.62  243765004.639  -94.7345439839  122048.343578  341.57752916
-4.0  -11.95  211160861.661  -83.8717675638  109215.4466  328.939257733
-4.0  -11.28  181583412.294  -73.9096084509  97600.3188842  316.739616908
-4.0  -10.61  154886320.598  -64.8097582616  87148.9457743  304.976919091
-4.0  -9.94  130923250.634  -56.5339086127  77807.3126145  293.649476687
-4.0  -9.27  109547866.462  -49.0437511205  69521.4047491  282.755602103
-4.0  -8.6  90613832.1412  -42.3009774016  62237.2075221  272.293607744
-4.0  -7.93  73974811.7323  -36.2672790726  55900.7062778  262.261806017
-4.0  -7.26  59484469.2954  -30.90434775  50457.8863603  252.658509328
-4.0  -6.59  46996468.8905  -26.1738750504  45854.7331138  243.482030082
-4.0  -5.92  36364474.5776  -22.0375525903  42037.2318825  234.730680686
-4.0  -5.25  27442150.4169  -18.4570719862  38951.3680106  226.402773546
-4.0  -4.58  20083160.4684  -15.3941248547  36543.1268423  218.496621067
-4.0  -3.91  14141168.7923  -12.8104028123  34758.4937217  211.010535656
-4.0  -3.24  9469839.44853  -10.6675974756  33543.453993  203.942829719
-4.0  -2.57  5922836.4973  -8.92740046113  32843.9930004  197.291815662
-4.0  -1.9  3353823.99867  -7.55150338537  32606.096088  191.055805891
-4.0  -1.23  1616466.01271  -6.5015978649  32775.7486001  185.233112811
-4.0  -0.56  564426.599508  -5.73937551627  33298.9358808  179.822048829
-4.0  0.11  51369.8191589  -5.226527956  34121.6432744  174.820926351
-4.0  0.78  -69040.2682555  -4.92474680065  35189.8561249  170.228057783
-4.0  1.45  56860.3973514  -4.79572366676  36449.5597766  166.04175553
-4.0  2.12  282735.876066  -4.80115017086  37846.7395736  162.260332
-4.0  2.79  462250.227975  -4.90271792949  39327.3808601  158.882099597
-4.0  3.46  449925.699052  -5.06211855921  40837.5742348  155.905370729
-4.0  4.13  295636.827096  -5.24104367655  42347.5179629  153.3284578
-4.0  4.8  218956.258632  -5.40118489805  43881.9243931  151.149673217
-4.0  5.47  121352.926041  -5.50423384025  45449.0037265  149.367329387
-4.0  6.14  383977.309935  -5.5118821197  47002.790851  147.979738714
-4.0  6.81  1466107.85765  -5.38582135294  48489.8521944  146.985213605
-4.0  7.48  3827023.01651  -5.0877431565  49856.7541846  146.382066466
-4.0  8.15  7926001.23386  -4.57933914694  51050.0632494  146.168609703
-4.0  8.82  14222320.957  -3.82230094078  52016.3458169  146.343155723
-4.0  9.49  23175260.6334  -2.77832015458  52702.1683147  146.90401693
-4.0  10.16  35244098.7102  -1.40908840487  53054.0971709  147.849505731
-4.0  10.83  50888113.6348  0.323702691801  53018.6988133  149.177934533
-4.0  11.5  70566583.8546  2.4583615189  52542.5396698  150.88761574
-4.0  12.17  94738787.8169  5.03319645987  51572.1861682  152.97686176
-4.0  12.84  123864003.969  8.08651589819  50054.2047364  155.443984998
-4.0  13.51  158401510.758  11.6566282173  47935.1618023  158.28729786
-4.0  14.18  198810586.632  15.7818418007  45161.6237938  161.505112752
-4.0  14.85  245550510.038  20.5004650318  41680.1571388  165.09574208
-4.0  15.52  299080559.422  25.850806294  37437.3282651  169.057498251
-4.0  16.19  359860013.234  31.8711739709  32379.7036007  173.38869367
-4.0  16.86  428348149.919  38.5998764459  26453.8495733  178.087640743
-4.0  17.53  505004247.925  46.0752221024  19606.3326109  183.152651876
-4.0  18.2  590287585.7  54.335519324  11783.7191414  188.582039476
-4.0  18.87  684657441.69  63.419076494  2932.57559253  194.374115947
-4.0  19.54  788573094.344  73.3642019959  -7000.53160769  200.527193697
-4.0  20.21  902493822.108  84.2092042132  -18069.0360315  207.039585132
-4.0  20.88  1026878903.43  95.9923915294  -30326.3712508  213.909602657
-4.0  21.55  1162187616.76  108.752072328  -43825.970838  221.135558678
-4.0  22.22  1308879240.54  122.526554992  -58621.268365  228.715765601
-4.0  22.89  1467413053.22  137.354147906  -74765.6974041  236.648535833
-4.0  23.56  1638248333.24  153.273159452  -92312.6915273  244.932181779
-4.0  24.23  1821844359.07  170.321898014  -111315.684307  253.565015846
-4.0  24.9  2018660409.13  188.538671976  -131828.109314  262.545350439
-4.0  25.57  2229155761.88  207.961789721  -153903.400123  271.871497964
-2.0  -22.0  480741995.823  -216.712564096  317748.698815  403.318189823
-2.0  -21.33  440710501.172  -200.264216229  293148.721544  392.279797964
-2.0  -20.66  402956476.939  -184.675698357  269913.312878  381.591649527
-2.0  -19.99  367413507.162  -169.924059201  248005.298414  371.24868173
-2.0  -19.32  334015175.88  -155.986347484  227387.503749  361.245831791
-2.0  -18.65  302695067.134  -142.839611926  208022.754479  351.578036927
-2.0  -17.98  273386764.961  -130.46090125  189873.876202  342.240234358
-2.0  -17.31  246023853.402  -118.827264178  172903.694515  333.227361301
-2.0  -16.64  220539916.495  -107.91574943  157075.035015  324.534354974
-2.0  -15.97  196868538.28  -97.7034057306  142350.723297  316.156152595
-2.0  -15.3  174943302.796  -88.1672817998  128693.584961  308.087691383
-2.0  -14.63  154697794.082  -79.2844263597  116066.445602  300.323908554
-2.0  -13.96  136065596.177  -71.0318881322  104432.130817  292.859741328
-2.0  -13.29  118980293.121  -63.3867158392  93753.4662029  285.690126923
-2.0  -12.62  103375468.953  -56.3259582023  83993.2773574  278.810002555
-2.0  -11.95  89184707.7123  -49.8266639434  75114.3898771  272.214305445
-2.0  -11.28  76341593.4376  -43.8658817844  67079.6293589  265.897972808
-2.0  -10.61  64779710.1684  -38.420660447  59851.8213997  259.855941865
-2.0  -9.94  54432641.944  -33.468048653  53393.7915964  254.083149831
-2.0  -9.27  45233972.8034  -28.9850951242  47668.3655461  248.574533927
-2.0  -8.6  37117286.7861  -24.9488485824  42638.3688456  243.325031369
-2.0  -7.93  30016167.9312  -21.3363577495  38266.627092  238.329579376
-2.0  -7.26  23864200.278  -18.1246713473  34515.965882  233.583115166
-2.0  -6.59  18594967.8655  -15.2908380974  31349.2108127  229.080575956
-2.0  -5.92  14142054.7332  -12.8119067219  28729.187481  224.816898966
-2.0  -5.25  10439044.9202  -10.6649259423  26618.7214838  220.787021412
-2.0  -4.58  7419522.4657  -8.82694448069  24980.6384181  216.985880513
-2.0  -3.91  5017071.40896  -7.2750110587  23777.7638809  213.408413487
-2.0  -3.24  3165275.7892  -5.98617439818  22972.923469  210.049557553
-2.0  -2.57  1797719.64564  -4.93748322092  22528.9427794  206.904249927
-2.0  -1.9  847987.017503  -4.10598624875  22408.6474091  203.967427828
-2.0  -1.23  249661.944017  -3.46873220346  22574.8629549  201.234028475
-2.0  -0.56  -63671.535596  -3.00276980686  22990.4150139  198.698989085
-2.0  0.11  -158429.382112  -2.68514778075  23618.1291829  196.357246876
-2.0  0.78  -101027.556307  -2.49291484693  24420.8310589  194.203739067
-2.0  1.45  42117.9810418  -2.40311972722  25361.3462389  192.233402875
-2.0  2.12  204591.269159  -2.39281114341  26402.5003198  190.441175518
-2.0  2.79  319976.347269  -2.43903781731  27507.1188984  188.821994215
-2.0  3.46  322300.82751  -2.51884847073  28638.100676  187.370796183
-2.0  4.13  246549.910118  -2.60929182546  29775.0886517  186.082518641
-2.0  4.8  212090.728672  -2.68741660332  30935.6793827  184.952098806
-2.0  5.47  174177.969545  -2.73027152611  32125.9388444  183.974473897
-2.0  6.14  352965.586048  -2.71490531563  33313.7032312  183.144581132
-2.0  6.81  1011474.78323  -2.61836669369  34461.5344681  182.457357728
-2.0  7.48  2412726.76616  -2.41770438209  35531.9944797  181.907740905
-2.0  8.15  4819742.73988  -2.08996710264  36487.6451908  181.490667879
-2.0  8.82  8495543.90944  -1.61220357714  37291.0485263  181.201075869
-2.0  9.49  13703151.4799  -0.961462527389  37904.7664107  181.033902092
-2.0  10.16  20705586.6563  -0.114792675204  38291.360769  180.984083768
-2.0  10.83  29765870.6437  0.950757257616  38413.3935258  181.046558114
-2.0  11.5  41147024.6472  2.25813854927  38233.4266059  181.216262348
-2.0  12.17  55112069.8718  3.83030247794  37714.0219341  181.488133688
-2.0  12.84  71924027.5226  5.69020032184  36817.7414352  181.857109352
-2.0  13.51  91845918.8046  7.86078335916  35507.1470339  182.318126558
-2.0  14.18  115140764.923  10.3650028681  33744.8006549  182.866122524
-2.0  14.85  142071587.083  13.2258101268  31493.264223  183.496034469
-2.0  15.52  172901406.489  16.4661564136  28715.0996631  184.20279961
-2.0  16.19  207893244.346  20.1089930065  25372.8688997  184.981355166
-2.0  16.86  247310121.86  24.1772711838  21429.1338578  185.826638354
-2.0  17.53  291415060.235  28.6939422237  16846.4564621  186.733586392
-2.0  18.2  340471080.677  33.6819574044  11587.3986372  187.697136499
-2.0  18.87  394741204.391  39.1642680041  5614.52230809  188.712225892
-2.0  19.54  454488452.582  45.163825301  -1109.61060061  189.77379179
-2.0  20.21  519975846.454  51.7035805732  -8622.43816411  190.876771411
-2.0  20.88  591466407.213  58.806485099  -16961.3984576  192.016101972
-2.0  21.55  669223156.064  66.4954901566  -26163.9295564  193.186720692
-2.0  22.22  753509114.212  74.7935470241  -36267.4695357  194.383564789
-2.0  22.89  844587302.862  83.7236069797  -47309.4564708  195.60157148
-2.0  23.56  942720743.218  93.3086213017  -59327.3284368  196.835677985
-2.0  24.23  1048172456.49  103.571541268  -72358.5235091  198.08082152
-2.0  24.9  1161205463.87  114.535318158  -86440.4797628  199.331939304
-2.0  25.57  1282082786.58  126.222903248  -101610.635273  200.583968556
0.0  -22.0  86007580.2278  -115.067821467  215303.689112  260.282299096
0.0  -21.33  78115827.8573  -106.252780205  198602.727699  257.026451713
0.0  -20.66  70710535.02  -97.8987719468  182825.749496  253.924665655
0.0  -19.99  63776543.4467  -89.9934772562  167947.779414  250.973565734
0.0  -19.32  57298694.8679  -82.5245766972  153943.842364  248.169776763
0.0  -18.65  51261831.0145  -75.4797508336  140788.963258  245.509923553
0.0  -17.98  45650793.6171  -68.8466802294  128458.167007  242.990630916
0.0  -17.31  40450424.4064  -62.6130454484  116926.478522  240.608523665
0.0  -16.64  35645565.1131  -56.7665270546  106168.922716  238.360226611
0.0  -15.97  31221057.4679  -51.2948056119  96160.5244983  236.242364566
0.0  -15.3  27161743.2015  -46.1855616842  86876.3087815  234.251562343
0.0  -14.63  23452464.0446  -41.4264758353  78291.3004768  232.384444754
0.0  -13.96  20078061.7279  -37.0052286293  70380.5244955  230.63763661
0.0  -13.29  17023377.982  -32.90950063  63119.005749  229.007762724
0.0  -12.62  14273254.5378  -29.1269724013  56481.7691487  227.491447907
0.0  -11.95  11812533.1258  -25.6453245072  50443.8396061  226.085316972
0.0  -11.28  9626055.47678  -22.4522375115  44980.2420325  224.78599473
0.0  -10.61  7698663.32145  -19.5353919781  40066.0013393  223.590105995
0.0  -9.94  6015198.39049  -16.882468471  35676.1424379  222.494275577
0.0  -9.27  4560502.41459  -14.4811475541  31785.6902396  221.495128288
0.0  -8.6  3319417.12445  -12.3191097913  28369.669656  220.589288942
0.0  -7.93  2276784.25077  -10.3840357465  25403.1055983  219.773382349
0.0  -7.26  1417445.52424  -8.66360598357  22861.022978  219.044033322
0.0  -6.59  726242.67557  -7.14550106647  20718.4467065  218.397866673
0.0  -5.92  188017.435443  -5.8174015591  18950.4016952  217.831507214
0.0  -5.25  -212388.46544  -4.66698802536  17531.9128553  217.341579757
0.0  -4.58  -490133.296382  -3.68194102917  16438.0050985  216.924709114
0.0  -3.91  -660375.326687  -2.84994113443  15643.7033359  216.577520097
0.0  -3.24  -738272.825659  -2.15866890505  15124.0324791  216.296637518
0.0  -2.57  -738984.0626  -1.59580490495  14854.0174395  216.078686188
0.0  -1.9  -677667.306814  -1.14902969804  14808.6831283  215.920290921
0.0  -1.23  -569480.827605  -0.806023848217  14963.054457  215.818076528
0.0  -0.56  -429582.894276  -0.554467919399  15292.1563371  215.768667822
0.0  0.11  -273131.776131  -0.382042475494  15771.0136798  215.768689613
0.0  0.78  -115285.742472  -0.276428080413  16374.6513967  215.814766715
0.0  1.45  28796.9373961  -0.225305298066  17078.094399  215.903523939
0.0  2.12  143957.99417  -0.216354692361  17856.3675982  216.031586097
0.0  2.79  215039.158548  -0.237256827209  18684.4959057  216.195578001
0.0  3.46  227051.014858  -0.27569226652  19537.5540612  216.392124464
0.0  4.13  203421.018772  -0.319341574204  20402.0300242  216.617850297
0.0  4.8  196444.300448  -0.35588531417  21290.3175963  216.869380312
0.0  5.47  196845.721722  -0.373004050328  22206.8231055  217.143339322
0.0  6.14  314142.485987  -0.358378346587  23129.4240845  217.436352139
0.0  6.81  676788.153668  -0.299688766859  24032.3365018  217.745043574
0.0  7.48  1413236.28519  -0.184615875052  24889.7763257  218.066038439
0.0  8.15  2651940.44097  -0.000840235076569  25675.9595246  218.395961547
0.0  8.82  4521354.18144  0.263957589158  26365.1020668  218.731437709
0.0  9.49  7149931.06703  0.622097033741  26931.4199208  219.069091738
0.0  10.16  10666124.6581  1.08589753476  27349.1290548  219.405548446
0.0  10.83  15198388.5152  1.66767852832  27592.4454373  219.737432644
0.0  11.5  20875176.1987  2.37975945049  27635.5850367  220.061369145
0.0  12.17  27824941.269  3.23445973737  27452.7638212  220.373982761
0.0  12.84  36176137.2865  4.24409882505  27018.1977593  220.671898303
0.0  13.51  46057217.8116  5.42099614962  26306.1028192  220.951740585
0.0  14.18  57596636.4049  6.77747114717  25290.6949695  221.210134417
0.0  14.85  70922846.6266  8.32584325379  23946.1901785  221.443704612
0.0  15.52  86164302.0373  10.0784319056  22246.8044144  221.649075981
0.0  16.19  103449456.197  12.0475565386  20166.7536458  221.822873338
0.0  16.86  122906762.667  14.245536589  17680.2538409  221.961721494
0.0  17.53  144664675.007  16.6846914928  14761.5209681  222.06224526
0.0  18.2  168851646.778  19.3773406861  11384.7709958  222.12106945
0.0  18.87  195596131.539  22.3358036051  7524.2198924  222.134818875
0.0  19.54  225026582.853  25.5723996857  3154.0836262  222.100118346
0.0  20.21  257271454.278  29.0994483641  -1751.42183442  222.013592677
0.0  20.88  292459199.375  32.9292690764  -7218.08052107  221.871866679
0.0  21.55  330718271.705  37.0741812587  -13271.6764654  221.671565164
0.0  22.22  372177124.828  41.5465043471  -19937.9936991  221.409312944
0.0  22.89  416964212.305  46.3585577776  -27242.8162536  221.081734831
0.0  23.56  465207987.696  51.5226609863  -35211.9281608  220.685455638
0.0  24.23  517036904.561  57.0511334094  -43871.1134522  220.217100176
0.0  24.9  572579416.462  62.9562944829  -53246.1561594  219.673293257
0.0  25.57  631963976.957  69.2504636429  -63362.8403141  219.050659693
2.0  -22.0  -128471235.334  -49.687927223  145834.019288  152.607221556
2.0  -21.33  -118819537.481  -45.7177259148  134490.910813  155.569014522
2.0  -20.66  -109663309.142  -41.9558786538  123771.811253  158.483497339
2.0  -19.99  -100989489.33  -38.39681638  113660.076459  161.352357599
2.0  -19.32  -92785017.0587  -35.0349700331  104139.062282  164.177282897
2.0  -18.65  -85036831.3423  -31.864770553  95192.1245735  166.959960828
2.0  -17.98  -77731871.1942  -28.8806488796  86802.6191844  169.702078984
2.0  -17.31  -70857075.6279  -26.0770359527  78953.9019658  172.40532496
2.0  -16.64  -64399383.6573  -23.4483627121  71629.3287689  175.071386351
2.0  -15.97  -58345734.2959  -20.9890600977  64812.2554449  177.701950749
2.0  -15.3  -52683066.5574  -18.6935590495  58486.0378449  180.29870575
2.0  -14.63  -47398319.4555  -16.5562905071  52634.03182  182.863338946
2.0  -13.96  -42478432.0038  -14.5716854104  47239.5932214  185.397537933
2.0  -13.29  -37910343.2161  -12.7341746994  42286.0779002  187.902990303
2.0  -12.62  -33680992.1059  -11.0381893138  37756.8417076  190.381383651
2.0  -11.95  -29777317.6869  -9.47816019355  33635.2404947  192.834405571
2.0  -11.28  -26186258.9728  -8.04851827843  29904.6301125  195.263743657
2.0  -10.61  -22894754.9773  -6.74369450831  26548.3664124  197.671085503
2.0  -9.94  -19889744.714  -5.55811982305  23549.8052454  200.058118703
2.0  -9.27  -17158167.1966  -4.48622516249  20892.3024626  202.426530851
2.0  -8.6  -14686961.4388  -3.52244146648  18559.2139153  204.77800954
2.0  -7.93  -12463066.4541  -2.66119967488  16533.8954544  207.114242366
2.0  -7.26  -10473421.2563  -1.89693072752  14799.7029313  209.436916921
2.0  -6.59  -8704964.85908  -1.22406556427  13339.992197  211.7477208
2.0  -5.92  -7144636.27603  -0.637035124967  12138.1191026  214.048341596
2.0  -5.25  -5779374.52084  -0.130270349465  11177.4394993  216.340466905
2.0  -4.58  -4596118.60718  0.301797822387  10441.3092383  218.625784319
2.0  -3.91  -3581807.5487  0.664738450739  9913.08417067  220.905981433
2.0  -3.24  -2723380.35908  0.964120595742  9576.12014755  223.18274584
2.0  -2.57  -2007776.05197  1.20551331755  9413.7730201  225.457765136
2.0  -1.9  -1421933.64103  1.3944856763  9409.39863945  227.732726913
2.0  -1.23  -952792.139936  1.53660673216  9546.35285674  230.009318765
2.0  -0.56  -587290.562344  1.63744554527  9807.99152312  232.289228288
2.0  0.11  -312367.921918  1.70257117578  10177.6704897  234.574143074
2.0  0.78  -114963.232321  1.73755268384  10638.7456077  236.865750717
2.0  1.45  17984.4927839  1.74795912961  11174.5727282  239.165738813
2.0  2.12  99536.2397332  1.73935957323  11768.5077023  241.475794953
2.0  2.79  142752.994864  1.71732307486  12403.9063812  243.797606734
2.0  3.46  160703.014447  1.68741869464  13064.1585275  246.132861748
2.0  4.13  168091.413851  1.65521549272  13740.4213139  248.483247589
2.0  4.8  176982.2145  1.62628252926  14441.4782976  250.850451852
2.0  5.47  198796.051991  1.60618886441  15170.5068418  253.236162131
2.0  6.14  273631.339315  1.60050355831  15912.2604652  255.642066019
2.0  6.81  445821.30974  1.61479567111  16648.9499736  258.06985111
2.0  7.48  759699.196531  1.65463426298  17362.7861731  260.521205
2.0  8.15  1259598.23295  1.72558839404  18035.9798696  262.99781528
2.0  8.82  1989851.65227  1.83322712447  18650.7418691  265.501369546
2.0  9.49  2994792.68775  1.98311951441  19189.2829776  268.033555391
2.0  10.16  4318754.57265  2.180834624  19633.814001  270.59606041
2.0  10.83  6006070.54025  2.4319415134  19966.5457453  273.190572196
2.0  11.5  8101073.82381  2.74200924276  20169.6890165  275.818778344
2.0  12.17  10648097.6566  3.11660687222  20225.4546205  278.482366447
2.0  12.84  13691475.2719  3.56130346195  20116.0533634  281.183024099
2.0  13.51  17275539.9029  4.08166807209  19823.696051  283.922438895
2.0  14.18  21444624.7829  4.68326976278  19330.5934894  286.702298428
2.0  14.85  26243063.1452  5.37167759419  18618.9564845  289.524290292
2.0  15.52  31715188.2231  6.15246062646  17670.9958423  292.390102082
2.0  16.19  37905333.2498  7.03118791974  16468.9223687  295.301421391
2.0  16.86  44857831.4586  8.01342853418  14994.9468698  298.259935813
2.0  17.53  52617016.0827  9.10475152993  13231.2801515  301.267332942
2.0  18.2  61227220.3554  10.3107259671  11160.1330197  304.325300373
2.0  18.87  70732777.51  11.636920906  8763.71628056  307.435525699
2.0  19.54  81178020.7798  13.0889054066  6024.24073987  310.599696514
2.0  20.21  92607283.3979  14.6722485291  2923.91720368  313.819500412
2.0  20.88  105064898.598  16.3925193336  -555.04352206  317.096624988
2.0  21.55  118595199.613  18.2552868804  -4430.43063138  320.432757834
2.0  22.22  133242519.675  20.2661202296  -8720.03331832  323.829586546
2.0  22.89  149051192.02  22.4305884412  -13441.6407769  327.288798717
2.0  23.56  166065549.879  24.7542605755  -18613.0422011  330.812081941
2.0  24.23  184329926.486  27.2427056927  -24252.026785  334.401123812
2.0  24.9  203888655.075  29.9014928528  -30376.3837226  338.057611925
2.0  25.57  224786068.878  32.736191116  -37003.9022081  341.783233872
4.0  -22.0  -206760895.924  -12.3641106212  102741.434839  96.4932560175
4.0  -21.33  -190600321.486  -11.0739604761  94723.6689878  102.678241962
4.0  -20.66  -175305145.848  -9.85341380037  87142.5776706  108.688336125
4.0  -19.99  -160851524.263  -8.70061424067  79986.7452385  114.531976477
4.0  -19.32  -147215611.987  -7.61370544359  73244.7560425  120.217600988
4.0  -18.65  -134373564.272  -6.59083105575  66905.1944335  125.753647628
4.0  -17.98  -122301536.374  -5.63013472377  60956.6447625  131.148554367
4.0  -17.31  -110975683.546  -4.72976009426  55387.6913804  136.410759174
4.0  -16.64  -100372161.043  -3.88785081384  50186.9186382  141.548700021
4.0  -15.97  -90467124.1194  -3.10255052913  45342.9108869  146.570814875
4.0  -15.3  -81236728.0287  -2.37200288674  40844.2524774  151.485541709
4.0  -14.63  -72657128.0254  -1.69435153329  36679.5277607  156.30131849
4.0  -13.96  -64704479.3638  -1.0677401154  32837.3210876  161.026583191
4.0  -13.29  -57354937.298  -0.490312279675  29306.2168093  165.669773779
4.0  -12.62  -50584657.0824  0.0397883272583  26074.7992766  170.239328226
4.0  -11.95  -44369793.971  0.524418058786  23131.6528404  174.7436845
4.0  -11.28  -38686503.2182  0.965433268292  20465.3618518  179.191280573
4.0  -10.61  -33510940.0782  1.36469030916  18064.5106617  183.590554414
4.0  -9.94  -28819259.8052  1.72404553477  15917.6836211  187.949943992
4.0  -9.27  -24587617.6533  2.04535529851  14013.4650808  192.277887279
4.0  -8.6  -20792168.8769  2.33047595376  12340.4393919  196.582822243
4.0  -7.93  -17409068.7301  2.58126385391  10887.1909054  200.873186855
4.0  -7.26  -14414472.4673  2.79957535234  9642.30397207  205.157419085
4.0  -6.59  -11784535.3424  2.98726680243  8594.362943  209.443956902
4.0  -5.92  -9495412.60996  3.14619455756  7731.95216912  213.741238276
4.0  -5.25  -7523259.524  3.27821497113  7043.65600138  218.057701178
4.0  -4.58  -5844231.33881  3.3851843965  6518.05879074  222.401783578
4.0  -3.91  -4434483.30859  3.46895918707  6143.74488815  226.781923444
4.0  -3.24  -3270170.68756  3.53139569622  5909.29864456  231.206558748
4.0  -2.57  -2327448.72996  3.57435027734  5803.30441094  235.684127458
4.0  -1.9  -1582472.69001  3.5996792838  5814.34653823  240.223067546
4.0  -1.23  -1011397.82191  3.60923906899  5931.0093774  244.831816981
4.0  -0.56  -590379.379902  3.60488598629  6141.87727939  249.518813732
4.0  0.11  -295572.6182  3.5884763891  6435.53459518  254.29249577
4.0  0.78  -103132.791026  3.56186663078  6800.5656757  259.161301065
4.0  1.45  10784.8473976  3.52691306472  7225.55487191  264.133667587
4.0  2.12  70025.0428495  3.48547204431  7699.08653478  269.218033305
4.0  2.79  98432.5411084  3.43939992293  8209.74501525  274.42283619
4.0  3.46  119784.23375  3.39055305397  8746.13852667  279.756514211
4.0  4.13  142399.961032  3.3407877908  9302.34084572  285.227505338
4.0  4.8  158673.101292  3.29196048682  9884.80154235  290.844247542
4.0  5.47  189465.645833  3.2459274954  10495.83996  296.615178792
4.0  6.14  237560.568707  3.20454516993  11124.5202177  302.548737058
4.0  6.81  302410.926137  3.16966986378  11758.0782366  308.653360309
4.0  7.48  383469.774345  3.14315793036  12383.7499381  314.937486517
4.0  8.15  480190.169553  3.12686572303  12988.7712435  321.409553651
4.0  8.82  592025.167983  3.12264959518  13560.378074  328.077999681
4.0  9.49  718427.825859  3.1323659002  14085.8063509  334.951262576
4.0  10.16  858851.199401  3.15787099146  14552.2919954  342.037780307
4.0  10.83  1012748.34483  3.20102122236  14947.070929  349.345990843
4.0  11.5  1179572.31838  3.26367294628  15257.3790728  356.884332155
4.0  12.17  1358776.17625  3.34768251659  15470.4523482  364.661242213
4.0  12.84  1549812.97469  3.45490628668  15573.5266763  372.685158986
4.0  13.51  1752135.7699  3.58720060994  15553.8379786  380.964520444
4.0  14.18  1965197.61811  3.74642183975  15398.6221763  389.507764557
4.0  14.85  2188451.57555  3.9344263295  15095.1151906  398.323329295
4.0  15.52  2421350.69843  4.15307043256  14630.5529429  407.419652629
4.0  16.19  2663348.04297  4.40421050231  13992.1713544  416.805172527
4.0  16.86  2913896.66541  4.68970289216  13167.2063464  426.488326961
4.0  17.53  3172449.62196  5.01140395547  12142.8938402  436.477553899
4.0  18.2  3438459.96885  5.37117004562  10906.4697571  446.781291312
4.0  18.87  3711380.76229  5.77085751601  9445.17001835  457.407977169
4.0  19.54  3990665.05851  6.21232272002  7746.23054524  468.366049441
4.0  20.21  4275765.91373  6.69742201103  5796.88725905  479.663946098
4.0  20.88  4566136.38417  7.22801174243  3584.37608107  491.310105109
4.0  21.55  4861229.52606  7.80594826759  1095.93293257  503.312964445
4.0  22.22  5160498.39562  8.4330879399  -1681.20626516  515.680962074
4.0  22.89  5463396.04907  9.11128711274  -4759.80559084  528.422535968
4.0  23.56  5769375.54263  9.8424021395  -8152.62912318  541.546124097
4.0  24.23  6077889.93252  10.6282893736  -11872.4409409  555.060164429
4.0  24.9  6388392.27497  11.4708051683  -15932.0051227  568.973094935
4.0  25.57  6700335.62621  12.3718058771  -20344.0857474  583.293353585
6.0  -22.0  -193555783.136  5.11239908217  79437.5685639  108.140701286
6.0  -21.33  -178309567.372  5.26360899401  73220.4568908  113.124889592
6.0  -20.66  -163886446.53  5.40222729156  67337.4018102  117.959373553
6.0  -19.99  -150263550.03  5.52859149361  61779.8782614  122.659341515
6.0  -19.32  -137418007.292  5.64303911896  56539.3611842  127.239981824
6.0  -18.65  -125326947.735  5.7459076864  51607.325518  131.716482825
6.0  -17.98  -113967500.778  5.83753471473  46975.2462024  136.104032865
6.0  -17.31  -103316795.842  5.91825772274  42634.598177  140.417820288
6.0  -16.64  -93351962.345  5.98841422925  38576.8563813  144.673033442
6.0  -15.97  -84050129.7076  6.04834175303  34793.4957549  148.884860672
6.0  -15.3  -75388427.3491  6.09837781289  31275.9912374  153.068490323
6.0  -14.63  -67343984.6889  6.13885992763  28015.8177683  157.239110743
6.0  -13.96  -59893931.1467  6.17012561604  25004.4502871  161.411910275
6.0  -13.29  -53015396.1418  6.19251239692  22233.3637335  165.602077268
6.0  -12.62  -46685509.094  6.20635778906  19694.033047  169.824800065
6.0  -11.95  -40881399.4226  6.21199931127  17377.9331672  174.095267013
6.0  -11.28  -35580196.5473  6.20977448234  15276.5390335  178.428666459
6.0  -10.61  -30759029.8876  6.20002082107  13381.3255857  182.840186747
6.0  -9.94  -26395028.8631  6.18307584625  11683.7677632  187.345016224
6.0  -9.27  -22465322.8932  6.15927707669  10175.3405056  191.958343236
6.0  -8.6  -18947041.3975  6.12896203117  8847.51875245  196.695356128
6.0  -7.93  -15817313.7956  6.09246822849  7691.77744335  201.571243247
6.0  -7.26  -13053269.507  6.05013318746  6699.59151782  206.601192937
6.0  -6.59  -10632037.9512  6.00229442687  5862.43591545  211.800393546
6.0  -5.92  -8530748.54782  5.94928946552  5171.78557579  217.184033419
6.0  -5.25  -6726530.71634  5.8914558222  4619.11543839  222.767300901
6.0  -4.58  -5196513.8763  5.82913101571  4195.90044283  228.565384339
6.0  -3.91  -3917827.44726  5.76265256484  3893.61552866  234.593472079
6.0  -3.24  -2867600.84876  5.69235798841  3703.73563544  240.866752465
6.0  -2.57  -2022963.50033  5.61858480519  3617.73570274  247.400413846
6.0  -1.9  -1361044.82151  5.54167053399  3627.09067011  254.209644565
6.0  -1.23  -858974.231853  5.46195269361  3723.27547711  261.309632969
6.0  -0.56  -493881.150886  5.37976880284  3897.76506332  268.715567404
6.0  0.11  -242894.998152  5.29545638047  4142.03436828  276.442636216
6.0  0.78  -83145.1931923  5.20935294532  4447.55833156  284.50602775
6.0  1.45  8238.84445434  5.12179601617  4805.81189272  292.920930353
6.0  2.12  54127.6952477  5.03312311181  5208.26999133  301.702532369
6.0  2.79  77391.939648  4.94367175106  5646.40756693  310.866022147
6.0  3.46  100818.690258  4.8537794527  6111.71777365  320.42658803
6.0  4.13  128193.432849  4.76378373553  6599.865579  330.399418365
6.0  4.8  146476.248677  4.67402211835  7115.92964915  340.799701497
6.0  5.47  178299.380168  4.58483211996  7661.67069228  351.642625774
6.0  6.14  212045.135054  4.49655125914  8228.51384825  362.94337954
6.0  6.81  230222.698725  4.40951705471  8806.46015187  374.717151141
6.0  7.48  215341.256573  4.32406702545  9385.51063792  386.979128923
6.0  8.15  149909.993989  4.24053869017  9955.66634119  399.744501233
6.0  8.82  16438.0963629  4.15926956766  10506.9282964  413.028456415
6.0  9.49  -202565.250913  4.08059717671  11029.2975385  426.846182816
6.0  10.16  -524590.862449  4.00485903613  11512.7751021  441.212868782
6.0  10.83  -967129.552853  3.93239266471  11947.3620221  456.143702658
6.0  11.5  -1547672.13673  3.86353558124  12323.0593333  471.653872791
6.0  12.17  -2283709.4287  3.79862530454  12629.8680703  487.758567526
6.0  12.84  -3192732.24336  3.73799935338  12857.7892681  504.472975209
6.0  13.51  -4292231.39533  3.68199524658  12996.8239614  521.812284186
6.0  14.18  -5599697.69921  3.63095050292  13036.973185  539.791682803
6.0  14.85  -7132621.96962  3.5852026412  12968.2379737  558.426359406
6.0  15.52  -8908495.02115  3.54508918023  12780.6193623  577.73150234
6.0  16.19  -10944807.6684  3.51094763879  12464.1183855  597.722299952
6.0  16.86  -13259050.7261  3.48311553568  12008.7360782  618.413940587
6.0  17.53  -15868715.0086  3.46193038971  11404.473475  639.821612591
6.0  18.2  -18791291.3308  3.44772971966  10641.331611  661.96050431
6.0  18.87  -22044270.5071  3.44085104434  9709.31152066  684.84580409
6.0  19.54  -25645143.3522  3.44163188255  8598.41423896  708.492700277
6.0  20.21  -29611400.6807  3.45040975307  7298.64080063  732.916381217
6.0  20.88  -33960533.3072  3.4675221747  5799.99224048  758.132035255
6.0  21.55  -38710032.0464  3.49330666625  4092.46959327  784.154850737
6.0  22.22  -43877387.7127  3.52810074652  2166.07389381  811.00001601
6.0  22.89  -49480091.1209  3.57224193428  10.8061768673  838.682719418
6.0  23.56  -55535633.0855  3.62606774836  -2383.33252277  867.218149309
6.0  24.23  -62061504.4212  3.68991570753  -5026.3411703  896.621494027
6.0  24.9  -69075195.9425  3.7641233306  -7928.21873094  926.907941919
6.0  25.57  -76594198.4641  3.84902813637  -11098.9641699  958.092681331
8.0  -22.0  -132881709.365  10.9503726307  69503.7212726  203.749856171
8.0  -21.33  -122414566.023  10.8800753784  64057.00815  201.67971298
8.0  -20.66  -112512890.465  10.8046493  58899.2499761  199.716801169
8.0  -19.99  -103160946.024  10.7242631548  54023.2188175  197.881371865
8.0  -19.32  -94342996.0356  10.6390857023  49421.6867409  196.193676198
8.0  -18.65  -86043303.8325  10.5492857017  45087.4258131  194.673965294
8.0  -17.98  -78246132.7489  10.4550319126  41013.2081006  193.342490281
8.0  -17.31  -70935746.1187  10.3564930943  37191.8056703  192.219502287
8.0  -16.64  -64096407.2759  10.2538380063  33615.9905888  191.325252441
8.0  -15.97  -57712379.5543  10.1472354078  30278.5349227  190.679991869
8.0  -15.3  -51767926.288  10.0368540584  27172.2107388  190.3039717
8.0  -14.63  -46247310.8109  9.92286271734  24289.7901038  190.217443061
8.0  -13.96  -41134796.4568  9.80543014413  21624.0450844  190.440657081
8.0  -13.29  -36414646.5596  9.68472509812  19167.7477472  190.993864886
8.0  -12.62  -32071124.4535  9.56091633873  16913.670159  191.897317606
8.0  -11.95  -28088493.4721  9.43417262534  14854.5843865  193.171266367
8.0  -11.28  -24451016.9495  9.30466271736  12983.2624962  194.835962298
8.0  -10.61  -21142958.2197  9.17255537418  11292.476555  196.911656526
8.0  -9.94  -18148580.6164  9.0380193552  9774.99862957  199.41860018
8.0  -9.27  -15452147.4738  8.90122341983  8423.60078652  202.377044386
8.0  -8.6  -13037922.1256  8.76233632746  7231.05509258  205.807240274
8.0  -7.93  -10890167.9058  8.62152683748  6190.13361445  209.72943897
8.0  -7.26  -8993148.1483  8.47896370931  5293.60841881  214.163891602
8.0  -6.59  -7331126.1871  8.33481570232  4534.25157236  219.130849299
8.0  -5.92  -5888365.35608  8.18925157594  3904.8351418  224.650563187
8.0  -5.25  -4649128.98918  8.04244008954  3398.13119382  230.743284396
8.0  -4.58  -3597680.42032  7.89455000254  3006.9117951  237.429264053
8.0  -3.91  -2718282.98343  7.74575007432  2723.94901234  244.728753285
8.0  -3.24  -1995200.01243  7.5962090643  2542.01491225  252.66200322
8.0  -2.57  -1412694.84125  7.44609573186  2453.88156149  261.249264987
8.0  -1.9  -955030.803812  7.2955788364  2452.32102678  270.510789712
8.0  -1.23  -606471.234052  7.14482713733  2530.10537481  280.466828525
8.0  -0.56  -351279.46589  6.99400939404  2680.00667226  291.137632552
8.0  0.11  -173718.833255  6.84329436593  2894.79698583  302.543452922
8.0  0.78  -58052.6700729  6.69285081241  3167.24838222  314.704540762
8.0  1.45  11455.6897301  6.54284749285  3490.13292811  327.6411472
8.0  2.12  50542.9122271  6.39345316668  3856.2226902  341.373523364
8.0  2.79  74945.6634915  6.24483659328  4258.28973518  355.921920381
8.0  3.46  100334.373092  6.09716653205  4689.12169175  371.306589381
8.0  4.13  127310.41167  5.95061174239  5145.07036124  387.547781489
8.0  4.8  145359.930004  5.80534098371  5630.50536838  404.665747835
8.0  5.47  174734.515482  5.66152301539  6146.84802817  422.680739546
8.0  6.14  203212.688317  5.51932659684  6686.5511783  441.61300775
8.0  6.81  213085.162681  5.37892048745  7240.83296724  461.482803575
8.0  7.48  186642.652745  5.24047344663  7800.91154345  482.310378148
8.0  8.15  106175.87268  5.10415423377  8358.00505539  504.115982597
8.0  8.82  -46024.4633405  4.97013160827  8903.33165152  526.919868051
8.0  9.49  -287667.641146  4.83857432954  9428.1094803  550.742285636
8.0  10.16  -636462.946564  4.70965115696  9923.55669021  575.603486481
8.0  10.83  -1110119.66542  4.58353084993  10380.8914297  601.523721714
8.0  11.5  -1726347.08355  4.46038216786  10791.3318472  628.523242462
8.0  12.17  -2502854.48678  4.34037387015  11146.0960912  656.622299854
8.0  12.84  -3457351.16093  4.22367471618  11436.4023102  685.841145016
8.0  13.51  -4607546.39184  4.11045346537  11653.4686526  716.200029078
8.0  14.18  -5971149.46533  4.00087887711  11788.5132669  747.719203166
8.0  14.85  -7565869.66723  3.89511971079  11832.7543015  780.418918408
8.0  15.52  -9409416.28337  3.79334472582  11777.409905  814.319425933
8.0  16.19  -11519498.5996  3.6957226816  11613.6982257  849.440976868
8.0  16.86  -13913825.9017  3.60242233751  11332.8374122  885.803822341
8.0  17.53  -16610107.4755  3.51361245297  10926.0456128  923.42821348
8.0  18.2  -19626052.6069  3.42946178737  10384.5409762  962.334401413
8.0  18.87  -22979370.5816  3.35013910011  9699.5416506  1002.54263727
8.0  19.54  -26687770.6856  3.27581315058  8862.26578462  1044.07317217
8.0  20.21  -30768962.2046  3.20665269819  7863.93152669  1086.94625725
8.0  20.88  -35240654.4245  3.14282650233  6695.75702526  1131.18214364
8.0  21.55  -40120556.6311  3.08450332241  5348.96042879  1176.80108245
8.0  22.22  -45426378.1101  3.03185191782  3814.75988577  1223.82332483
8.0  22.89  -51175828.1476  2.98504104795  2084.37354462  1272.2691219
8.0  23.56  -57386616.0292  2.94423947222  149.019553836  1322.15872478
8.0  24.23  -64076451.0408  2.90961595001  -2000.08393813  1373.51238461
8.0  24.9  -71263042.4683  2.88133924072  -4371.71878282  1426.35035251
8.0  25.57  -78964099.5974  2.85957810376  -6974.66683178  1480.6928796
10.0  -22.0  -68998106.8426  13.3585807678  66595.8544075  399.521019484
10.0  -21.33  -63597775.9188  13.36053156  61377.8330884  383.113467691
10.0  -20.66  -58487870.0951  13.347456903  56434.2986859  367.380810514
10.0  -19.99  -53660320.4672  13.3198630749  51758.4625815  352.344986677
10.0  -19.32  -49107058.1304  13.2782563541  47343.5361568  338.027934901
10.0  -18.65  -44820014.1805  13.2231430186  43182.7307935  324.451593907
10.0  -17.98  -40791119.713  13.1550293467  39269.2578729  311.637902418
10.0  -17.31  -37012305.8234  13.0744216165  35596.3287768  299.608799155
10.0  -16.64  -33475503.6074  12.9818261063  32157.1548867  288.386222841
10.0  -15.97  -30172644.1603  12.8777490943  28944.9475842  277.992112196
10.0  -15.3  -27095658.578  12.7626968586  25952.9182508  268.448405943
10.0  -14.63  -24236477.9558  12.6371756775  23174.2782682  259.777042804
10.0  -13.96  -21587033.3893  12.5016918291  20602.2390178  251.9999615
10.0  -13.29  -19139255.9742  12.3567515917  18230.0118813  245.139100753
10.0  -12.62  -16885076.8059  12.2028612434  16050.8082402  239.216399285
10.0  -11.95  -14816426.9801  12.0405270624  14057.8394761  234.253795818
10.0  -11.28  -12925237.5923  11.870255327  12244.3169706  230.273229074
10.0  -10.61  -11203439.738  11.6925523152  10603.4521052  227.296637773
10.0  -9.94  -9642964.51284  11.5079243054  9128.45626156  225.34596064
10.0  -9.27  -8235743.01236  11.3168775757  7812.54082119  224.443136394
10.0  -8.6  -6973706.33213  11.1199184044  6648.91716567  224.610103758
10.0  -7.93  -5848785.5677  10.9175530695  5630.79667659  225.868801453
10.0  -7.26  -4852911.81463  10.7102878493  4751.39073551  228.241168202
10.0  -6.59  -3978016.16849  10.498629022  4003.91072399  231.749142726
10.0  -5.92  -3216029.72484  10.2830828658  3381.56802362  236.414663747
10.0  -5.25  -2558883.57924  10.0641556589  2877.57401596  242.259669987
10.0  -4.58  -1998508.82725  9.84235367952  2485.14008259  249.306100168
10.0  -3.91  -1526836.56444  9.61818320578  2197.47760508  257.575893011
10.0  -3.24  -1135797.88635  9.39215051591  2007.79796499  267.090987238
10.0  -2.57  -817323.888566  9.16476188811  1909.3125439  277.873321571
10.0  -1.9  -563345.666637  8.93652360057  1895.23272338  289.944834732
10.0  -1.23  -365794.316126  8.70794193149  1958.769885  303.327465443
10.0  -0.56  -216600.932596  8.47952315907  2093.13541034  318.043152425
10.0  0.11  -107696.611607  8.2517735615  2291.54068096  334.113834401
10.0  0.78  -31012.4487222  8.02519941697  2547.19707844  351.561450091
10.0  1.45  21520.4604978  7.80030700369  2853.31598434  370.407938219
10.0  2.12  57971.0204914  7.57760259984  3203.10878024  390.675237505
10.0  2.79  86408.1356969  7.35759248363  3589.78684771  412.385286671
10.0  3.46  114857.787717  7.14078293324  4006.57609629  435.56002444
10.0  4.13  141592.281019  6.92768022688  4450.02972422  460.221389533
10.0  4.8  160289.533196  6.71879064273  4924.17257587  486.391320672
10.0  5.47  188210.681778  6.514620459  5430.21921386  514.091756578
10.0  6.14  217186.878785  6.31567595388  5960.9446459  543.344635974
10.0  6.81  234775.027413  6.12246340557  6507.96256453  574.171897581
10.0  7.48  228532.03086  5.93548909225  7062.88666226  606.595480122
10.0  8.15  186014.792322  5.75525929213  7617.33063161  640.637322317
10.0  8.82  94780.2149959  5.58228028341  8162.90816511  676.319362889
10.0  9.49  -57614.7979214  5.41705834427  8691.23295526  713.66354056
10.0  10.16  -283613.343233  5.26009975291  9193.91869459  752.691794051
10.0  10.83  -595658.517743  5.11191078753  9662.57907562  793.426062084
10.0  11.5  -1006193.41825  4.97299772633  10088.8277909  835.888283381
10.0  12.17  -1527661.14157  4.84386684749  10464.2785328  880.100396663
10.0  12.84  -2172504.78449  4.72502442922  10780.5449941  926.084340653
10.0  13.51  -2953167.44382  4.61697674971  11029.2408671  973.862054073
10.0  14.18  -3882092.21637  4.52023008716  11201.9798444  1023.45547564
10.0  14.85  -4971722.19893  4.43529071976  11290.3756185  1074.88654409
10.0  15.52  -6234500.48832  4.3626649257  11286.041882  1128.17719813
10.0  16.19  -7682870.18133  4.30285898319  11180.5923273  1183.34937648
10.0  16.86  -9329274.37476  4.25637917041  10965.6406469  1240.42501787
10.0  17.53  -11186156.1654  4.22373176557  10632.8005335  1299.42606103
10.0  18.2  -13265958.6501  4.20542304685  10173.6856794  1360.37444466
10.0  18.87  -15581124.9257  4.20195929246  9579.90977734  1423.2921075
10.0  19.54  -18144098.0888  4.21384678059  8843.08651968  1488.20098827
10.0  20.21  -20967321.2365  4.24159178944  7954.82959899  1555.12302568
10.0  20.88  -24063237.4653  4.28570059719  6906.75270778  1624.08015846
10.0  21.55  -27444289.8722  4.34667948205  5690.46953858  1695.09432533
10.0  22.22  -31122921.554  4.42503472222  4297.5937839  1768.18746502
10.0  22.89  -35111575.6074  4.52127259588  2719.73913626  1843.38151624
10.0  23.56  -39422695.1293  4.63589938123  948.519288188  1920.69841772
10.0  24.23  -44068723.2165  4.76942135647  -1024.45206781  2000.16010817
10.0  24.9  -49062102.9657  4.92234479979  -3207.5612392  2081.78852632
10.0  25.57  -54415277.4738  5.0951759894  -5609.19453347  2165.6056109
12.0  -22.0  -46160814.6082  20.5457942373  64564.0644911  711.654490035
12.0  -21.33  -42538344.753  20.2900704217  59506.3298103  672.19690929
12.0  -20.66  -39111734.2932  20.0242547785  54713.1846152  634.371593134
12.0  -19.99  -35875490.4512  19.7488535859  50178.1348019  598.197105101
12.0  -19.32  -32824120.4497  19.464373122  45894.6862667  563.692008725
12.0  -18.65  -29952131.5111  19.1713196652  41856.3449058  530.874867539
12.0  -17.98  -27254030.8579  18.8701994935  38056.6166154  499.764245079
12.0  -17.31  -24724325.7127  18.5615188852  34489.0072917  470.378704876
12.0  -16.64  -22357523.2979  18.2457841185  31147.022831  442.736810466
12.0  -15.97  -20148130.8362  17.9235014715  28024.1691295  416.857125383
12.0  -15.3  -18090655.5499  17.5951772225  25113.9520834  392.758213159
12.0  -14.63  -16179604.6617  17.2613176497  22409.8775889  370.458637328
12.0  -13.96  -14409485.394  16.9224290312  19905.4515423  349.976961426
12.0  -13.29  -12774804.9694  16.5790176453  17594.1798399  331.331748984
12.0  -12.62  -11270070.6104  16.2315897701  15469.5683777  314.541563539
12.0  -11.95  -9889789.53951  15.8806516839  13525.1230522  299.624968622
12.0  -11.28  -8628468.97922  15.5267096648  11754.3497594  286.600527768
12.0  -10.61  -7480616.15206  15.170269991  10150.7543956  275.486804511
12.0  -9.94  -6440738.28056  14.8118389407  8707.84285705  266.302362384
12.0  -9.27  -5503342.58724  14.4519227922  7419.12103998  259.065764922
12.0  -8.6  -4662936.29461  14.0910278236  6278.0948406  253.795575658
12.0  -7.93  -3914026.62519  13.7296603131  5278.27015515  250.510358126
12.0  -7.26  -3251120.8015  13.3683265389  4413.15287984  249.22867586
12.0  -6.59  -2668726.04606  13.0075327793  3676.24891091  249.969092394
12.0  -5.92  -2161349.58139  12.6477853123  3061.06414458  252.750171262
12.0  -5.25  -1723498.63  12.2895904162  2561.10447708  257.590475997
12.0  -4.58  -1349680.41442  11.9334543692  2169.87580463  264.508570133
12.0  -3.91  -1034402.15716  11.5798834495  1880.88402348  273.523017205
12.0  -3.24  -772171.080736  11.2293839353  1687.63502983  284.652380745
12.0  -2.57  -557494.407673  10.8824621047  1583.63471993  297.915224288
12.0  -1.9  -384879.360487  10.539624236  1562.38898999  313.330111368
12.0  -1.23  -248833.161695  10.2013766074  1617.40373624  330.915605518
12.0  -0.56  -143863.033817  9.86822549708  1742.18485491  350.690270273
12.0  0.11  -64476.19937  9.54067718319  1930.23824223  372.672669165
12.0  0.78  -5179.88087279  9.21923794396  2175.06979443  396.88136573
12.0  1.45  39518.6991564  8.90441405758  2470.18540773  423.3349235
12.0  2.12  75112.3181993  8.59671180225  2809.09097836  452.05190601
12.0  2.79  107093.753738  8.29663745615  3185.29240255  483.050876793
12.0  3.46  140915.494544  8.0046972975  3592.3093592  516.350399384
12.0  4.13  172880.407921  7.72139760447  4026.81808615  551.969037316
12.0  4.8  196230.40514  7.44724465528  4492.57399924  589.925354123
12.0  5.47  228167.563207  7.1827447281  4990.63195626  630.237913338
12.0  6.14  260091.282209  6.92840410115  5514.00611769  672.925278497
12.0  6.81  279068.17425  6.68472905261  6054.60459559  718.006013131
12.0  7.48  272164.851433  6.45222586068  6604.33550205  765.498680776
12.0  8.15  226447.92586  6.23140080355  7155.10694914  815.421844965
12.0  8.82  128984.009635  6.02276015943  7698.82704894  867.794069232
12.0  9.49  -33160.2851398  5.8268102065  8227.40391352  922.633917111
12.0  10.16  -272918.346361  5.64405722296  8732.74565496  979.959952136
12.0  10.83  -603223.561925  5.47500748701  9206.76038533  1039.79073784
12.0  11.5  -1037009.31973  5.32016727684  9641.35621671  1102.14483776
12.0  12.17  -1587209.00767  5.18004287066  10028.4412612  1167.04081542
12.0  12.84  -2266756.01365  5.05514054664  10359.9236308  1234.49723437
12.0  13.51  -3088583.72556  4.94596658299  10627.7114377  1304.53265813
12.0  14.18  -4065625.53129  4.85302725791  10823.7127938  1377.16565024
12.0  14.85  -5210814.81875  4.77682884959  10939.8358114  1452.41477423
12.0  15.52  -6537084.97584  4.71787763622  10967.9886024  1530.29859364
12.0  16.19  -8057369.39044  4.67667989601  10900.079279  1610.83567199
12.0  16.86  -9784601.45046  4.65374190714  10728.0159531  1694.04457283
12.0  17.53  -11731714.5438  4.64956994781  10443.706737  1779.94385969
12.0  18.2  -13911642.0583  4.66467029622  10039.0597426  1868.55209611
12.0  18.87  -16337317.382  4.69954923057  9505.98308208  1959.8878456
12.0  19.54  -19021673.9026  4.75471302904  8836.38486746  2053.96967172
12.0  20.21  -21977645.0082  4.83066796983  8022.17321083  2150.81613799
12.0  20.88  -25218164.0866  4.92792033115  7055.25622426  2250.44580794
12.0  21.55  -28756164.5256  5.04697639118  5927.54201984  2352.87724512
12.0  22.22  -32604579.7133  5.18834242812  4630.93870964  2458.12901305
12.0  22.89  -36776343.0374  5.35252472017  3157.35440572  2566.21967527
12.0  23.56  -41284387.8859  5.54002954551  1498.69722018  2677.16779532
12.0  24.23  -46141647.6467  5.75136318236  -353.124734912  2790.99193671
12.0  24.9  -51361055.7077  5.9870319089  -2406.20334749  2907.710663
12.0  25.57  -56955545.4568  6.24754200332  -4668.63050547  3027.34253772
14.0  -22.0  -108625687.892  40.7207837827  57165.6467708  1156.35056663
14.0  -21.33  -99915435.162  39.2537848464  52680.4058439  1083.70079334
14.0  -20.66  -91684845.6908  37.8286476045  48427.9703253  1014.10934057
14.0  -19.99  -83920285.7099  36.4446970196  44402.7197601  947.584646286
14.0  -19.32  -76608121.4505  35.1012580538  40599.0336935  884.135148461
14.0  -18.65  -69734719.1437  33.7976556698  37011.2916707  823.769285064
14.0  -17.98  -63286445.0204  32.5332148299  33633.8732366  766.495494065
14.0  -17.31  -57249665.3118  31.3072604964  30461.1579365  712.322213435
14.0  -16.64  -51610746.2491  30.1191176319  27487.5253155  661.257881142
14.0  -15.97  -46356054.0632  28.9681111986  24707.3549187  613.310935158
14.0  -15.3  -41471954.9852  27.8535661591  22115.0262911  568.489813451
14.0  -14.63  -36944815.2463  26.7748074756  19704.918978  526.802953992
14.0  -13.96  -32761001.0776  25.7311601107  17471.4125245  488.258794751
14.0  -13.29  -28906878.7101  24.7219490268  15408.8864756  452.865773698
14.0  -12.62  -25368814.3749  23.7464991861  13511.7203765  420.632328802
14.0  -11.95  -22133174.3031  22.8041355512  11774.2937723  391.566898034
14.0  -11.28  -19186324.7257  21.8941830844  10190.9862082  365.677919363
14.0  -10.61  -16514631.874  21.0159667482  8756.17722923  342.97383076
14.0  -9.94  -14104461.9789  20.168811505  7464.24638053  323.463070194
14.0  -9.27  -11942181.2716  19.3520423171  6309.57320723  307.154075635
14.0  -8.6  -10014155.9831  18.5649841469  5286.53725444  294.055285053
14.0  -7.93  -8306752.34451  17.806961957  4389.5180673  284.175136419
14.0  -7.26  -6806336.58696  17.0773007096  3612.89519092  277.522067701
14.0  -6.59  -5499274.9415  16.3753253672  2951.04817042  274.10451687
14.0  -5.92  -4371933.63923  15.7003608923  2398.35655092  273.930921896
14.0  -5.25  -3410678.91123  15.0517322471  1949.19987755  277.009720749
14.0  -4.58  -2601876.98859  14.4287643941  1597.95769543  283.349351399
14.0  -3.91  -1931894.1024  13.8307822957  1339.00954967  292.958251815
14.0  -3.24  -1387096.48375  13.2571109143  1166.7349854  305.844859968
14.0  -2.57  -953850.363716  12.7070752124  1075.51354774  322.017613827
14.0  -1.9  -618521.973396  12.1800001523  1059.72478181  341.484951363
14.0  -1.23  -367477.543874  11.6752106964  1113.74823273  364.255310545
14.0  -0.56  -187083.306237  11.1920318072  1231.96344562  390.337129343
14.0  0.11  -63705.4915721  10.729788447  1408.7499656  419.738845728
14.0  0.78  16289.6690331  10.2878055783  1638.4873378  452.468897668
14.0  1.45  66535.9444912  9.86540816343  1915.55510734  488.535723135
14.0  2.12  100667.103715  9.46192116483  2234.33281933  527.947760097
14.0  2.79  132316.915617  9.0766695449  2589.2000189  570.713446525
14.0  3.46  175034.053131  8.70897826604  2974.54822484  616.84122039
14.0  4.13  223016.159093  8.35817229067  3387.5111309  666.339519659
14.0  4.8  258147.894508  8.02357658119  3831.35395686  719.216782305
14.0  5.47  304044.841845  7.7045161  4306.93079607  775.481446296
14.0  6.14  338049.477407  7.40031580952  4808.05181721  835.141949602
14.0  6.81  329740.520134  7.11030067214  5327.55902552  898.206730194
14.0  7.48  248696.688963  6.83379565028  5858.29442625  964.684226042
14.0  8.15  64496.7028335  6.57012570633  6393.10002463  1034.58287511
14.0  8.82  -253280.719316  6.31861580271  6924.81782591  1107.91111538
14.0  9.49  -735056.858546  6.07859090182  7446.28983532  1184.67738482
14.0  10.16  -1411252.99592  5.84937596607  7950.35805812  1264.89012138
14.0  10.83  -2312290.4125  5.63029595787  8429.86449955  1348.55776306
14.0  11.5  -3468590.38934  5.42067583961  8877.65116484  1435.6887478
14.0  12.17  -4910574.20751  5.21984057371  9286.56005923  1526.2915136
14.0  12.84  -6668663.14806  5.02711512257  9649.43318798  1620.3744984
14.0  13.51  -8773278.49207  4.84182444859  9959.11255633  1717.9461402
14.0  14.18  -11254841.5206  4.66329351419  10208.4401695  1819.01487694
14.0  14.85  -14143773.5147  4.49084728178  10390.2580328  1923.58914661
14.0  15.52  -17470495.7554  4.32381071374  10497.4081513  2031.67738718
14.0  16.19  -21265429.5238  4.1615087725  10522.7325305  2143.28803661
14.0  16.86  -25558996.101  4.00326642046  10459.0731754  2258.42953287
14.0  17.53  -30381616.768  3.84840862001  10299.2720914  2377.11031394
14.0  18.2  -35763712.8058  3.69626033358  10036.1712837  2499.33881778
14.0  18.87  -41735705.4956  3.54614652357  9662.61275749  2625.12348237
14.0  19.54  -48328016.1184  3.39739215238  9171.43851807  2754.47274567
14.0  20.21  -55571065.9553  3.24932218241  8555.49057067  2887.39504566
14.0  20.88  -63495276.2873  3.10126157608  7807.61092053  3023.89882029
14.0  21.55  -72131068.3955  2.95253529579  6920.64157289  3163.99250756
14.0  22.22  -81508863.5609  2.80246830394  5887.42453299  3307.68454541
14.0  22.89  -91659083.0646  2.65038556295  4700.80180607  3454.98337183
14.0  23.56  -102612148.188  2.49561203521  3353.61539738  3605.89742479
14.0  24.23  -114398480.211  2.33747268314  1838.70731216  3760.43514224
14.0  24.9  -127048500.416  2.17529246914  148.919555668  3918.60496217
14.0  25.57  -140592630.084  2.00839635561  -1722.90586689  4080.41532254
16.0  -22.0  -300653310.314  82.0923201475  38291.8549964  1749.80954808
16.0  -21.33  -276412566.58  77.8367677169  35261.4631582  1632.39587541
16.0  -20.66  -253511572.116  73.7542400591  32384.3081079  1520.01424437
16.0  -19.99  -231912209.007  69.8408557079  29656.930752  1412.65452938
16.0  -19.32  -211576359.339  66.0927331972  27075.8719967  1310.3066049
16.0  -18.65  -192465905.197  62.5059910608  24637.6727486  1212.96034535
16.0  -17.98  -174542728.665  59.0767478325  22338.873914  1120.60562518
16.0  -17.31  -157768711.829  55.8011220461  20176.0163994  1033.23231881
16.0  -16.64  -142105736.775  52.6752322356  18145.6411111  950.830300692
16.0  -15.97  -127515685.587  49.6951969346  16244.2889556  873.389445251
16.0  -15.3  -113960440.351  46.8571346771  14468.5008393  800.899626926
16.0  -14.63  -101401883.152  44.1571639969  12814.8176685  733.350720154
16.0  -13.96  -89801896.0741  41.5914034279  11279.7803497  670.73259937
16.0  -13.29  -79122361.2039  39.1559715038  9859.92978936  613.035139011
16.0  -12.62  -69325160.626  36.8469867585  8551.80689379  560.248213513
16.0  -11.95  -60372176.4256  34.6605677258  7351.95256943  512.361697311
16.0  -11.28  -52225290.688  32.5928329396  6256.90772269  469.365464843
16.0  -10.61  -44846385.4983  30.6399009337  5263.21325998  431.249390544
16.0  -9.94  -38197342.9416  28.7978902419  4367.41008772  398.00334885
16.0  -9.27  -32240045.1032  27.0629193981  3566.0391123  369.617214197
16.0  -8.6  -26936374.0683  25.4311069361  2855.64124014  346.080861021
16.0  -7.93  -22248211.922  23.8985713897  2232.75737765  327.384163759
16.0  -7.26  -18137440.7495  22.4614312928  1693.92843124  313.516996847
16.0  -6.59  -14565942.6361  21.1158051793  1235.6953073  304.46923472
16.0  -5.92  -11495599.6668  19.8578115828  854.598912263  300.230751815
16.0  -5.25  -8888293.92684  18.6835690374  547.180152524  300.791422567
16.0  -4.58  -6705907.50145  17.5891960767  309.979934496  306.141121414
16.0  -3.91  -4910322.4758  16.5708112347  139.539164586  316.26972279
16.0  -3.24  -3463420.93506  15.6245330452  32.3987492033  331.167101133
16.0  -2.57  -2327084.96441  14.746480042  -14.9004052428  350.823130878
16.0  -1.9  -1463196.64904  13.9327707589  -5.81739234388  375.227686461
16.0  -1.23  -833638.074135  13.1795237299  56.1886943087  404.370642318
16.0  -0.56  -400291.32487  12.4828574886  167.658761124  438.241872886
16.0  0.11  -125038.486429  11.838890569  325.13371451  476.8312526
16.0  0.78  30238.3560026  11.2437415049  525.154460876  520.128655897
16.0  1.45  103657.117244  10.6935288302  764.26190663  568.123957212
16.0  2.12  133335.712112  10.1843710785  1038.99695818  620.807030983
16.0  2.79  157392.055424  9.7123867839  1345.90052194  678.167751644
16.0  3.46  213739.954377  9.2736944801  1681.52127203  740.195993632
16.0  4.13  293840.918273  8.86441270096  2044.18662147  806.881631384
16.0  4.8  351007.39447  8.48065998032  2436.15573879  878.214539334
16.0  5.47  425282.147753  8.11855485201  2857.95834399  954.18459192
16.0  6.14  457185.114073  7.77421584986  3305.40048765  1034.78166358
16.0  6.81  370568.793346  7.44376150772  3773.64086737  1119.99562874
16.0  7.48  89285.6854841  7.12331035941  4257.83818072  1209.81636185
16.0  8.15  -462811.709598  6.80898093877  4753.15112528  1304.23373734
16.0  8.82  -1361870.89199  6.49689177963  5254.73839863  1403.23762964
16.0  9.49  -2684039.36177  6.18316141583  5757.75869834  1506.81791319
16.0  10.16  -4505464.61903  5.86390838121  6257.370722  1614.96446244
16.0  10.83  -6902294.16385  5.53525120959  6748.73316718  1727.6671518
16.0  11.5  -9950675.49633  5.19330843482  7227.00473147  1844.91585573
16.0  12.17  -13726756.1165  4.83419859073  7687.34411244  1966.70044865
16.0  12.84  -18306683.5246  4.45404021114  8124.91000767  2093.01080501
16.0  13.51  -23766605.2205  4.0489518299  8534.86111474  2223.83679923
16.0  14.18  -30182668.7045  3.61505198085  8912.35613123  2359.16830576
16.0  14.85  -37631021.4765  3.14845919781  9252.55375472  2498.99519903
16.0  15.52  -46187811.0367  2.64529201462  9550.61268278  2643.30735348
16.0  16.19  -55929184.8851  2.10166896511  9801.69161301  2792.09464353
16.0  16.86  -66931290.5219  1.51370858312  10000.949243  2945.34694364
16.0  17.53  -79270275.4471  0.877529402492  10143.5442702  3103.05412823
16.0  18.2  -93022287.1609  0.189249957048  10224.6353924  3265.20607174
16.0  18.87  -108263473.163  -0.555011219372  10239.381307  3431.79264861
16.0  19.54  -125069980.954  -1.35913559293  10182.9407117  3602.80373328
16.0  20.21  -143517958.034  -2.2270046298  10050.472304  3778.22920017
16.0  20.88  -163683551.903  -3.16249979615  9837.13478153  3958.05892372
16.0  21.55  -185642910.06  -4.16950255813  9538.08684183  4142.28277838
16.0  22.22  -209472180.007  -5.25189438191  9148.4871825  4330.89063858
16.0  22.89  -235247509.243  -6.41355673366  8663.49450111  4523.87237875
16.0  23.56  -263045045.267  -7.65837107955  8078.26749525  4721.21787333
16.0  24.23  -292940935.582  -8.99021888574  7387.96486249  4922.91699675
16.0  24.9  -325011327.685  -10.4129816184  6587.74530041  5128.95962346
16.0  25.57  -359332369.078  -11.9305407437  5672.76750659  5339.33562788
18.0  -22.0  -666616557.895  152.869174075  2398.34084285  2508.2317332
18.0  -21.33  -612816681.496  143.624111916  2131.00195026  2333.05291106
18.0  -20.66  -561991314.721  134.79463682  1866.02880503  2165.50649606
18.0  -19.99  -514055872.99  126.370791983  1604.05427566  2005.55367354
18.0  -19.32  -468925771.726  118.3426206  1345.71123061  1853.15562883
18.0  -18.65  -426516426.35  110.700165866  1091.63253836  1708.27354728
18.0  -17.98  -386743252.285  103.433470978  842.451067402  1570.86861422
18.0  -17.31  -349521664.95  96.5325791303  598.799686201  1440.902015
18.0  -16.64  -314767079.769  89.9875335187  361.311263238  1318.33493494
18.0  -15.97  -282394912.163  83.7883773386  130.618666991  1203.12855939
18.0  -15.3  -252320577.554  77.9251537857  -92.6452340621  1095.24407369
18.0  -14.63  -224459491.362  72.3879060552  -307.847571444  994.642663169
18.0  -13.96  -198727069.01  67.1666773429  -514.355476677  901.285513174
18.0  -13.29  -175038725.92  62.2515108441  -711.536081283  815.13380904
18.0  -12.62  -153309877.512  57.6324497543  -898.756516784  736.148736105
18.0  -11.95  -133455939.21  53.2995372691  -1075.3839147  664.291479709
18.0  -11.28  -115392326.433  49.2428165838  -1240.78540656  599.523225189
18.0  -10.61  -99034454.6045  45.4523308941  -1394.32812388  541.805157884
18.0  -9.94  -84297739.1455  41.9181233953  -1535.37919819  491.098463132
18.0  -9.27  -71097595.4777  38.6302372831  -1663.305761  447.364326271
18.0  -8.6  -59349439.0228  35.5787157528  -1777.47494384  410.56393264
18.0  -7.93  -48968685.2023  32.7536019999  -1877.25387823  380.658467577
18.0  -7.26  -39870749.4379  30.14493922  -1962.0096957  357.609116421
18.0  -6.59  -31971047.1513  27.7427706085  -2031.10952776  341.377064509
18.0  -5.92  -25184993.7641  25.537139361  -2083.92050594  331.923497181
18.0  -5.25  -19428004.6979  23.5180886729  -2119.80976176  329.209599774
18.0  -4.58  -14615495.3744  21.6756617396  -2138.14442674  333.196557627
18.0  -3.91  -10662881.2152  19.9999017568  -2138.29163241  343.845556078
18.0  -3.24  -7485577.64187  18.4808519198  -2119.61851028  361.117780466
18.0  -2.57  -4999000.07616  17.1085554242  -2081.49219189  384.974416129
18.0  -1.9  -3118563.93966  15.8730554655  -2023.27980874  415.376648405
18.0  -1.23  -1759684.65401  14.7643952391  -1944.34849237  452.285662632
18.0  -0.56  -837777.640853  13.7726179405  -1844.06537429  495.662644149
18.0  0.11  -268258.321817  12.8877667652  -1721.79758603  545.468778295
18.0  0.78  33457.8814575  12.0998849088  -1576.91225912  601.665250407
18.0  1.45  151955.547333  11.3990155666  -1408.77652506  664.213245824
18.0  2.12  171819.254172  10.7752019343  -1216.75751539  733.073949885
18.0  2.79  177633.580337  10.2184872072  -1000.22236163  808.208547927
18.0  3.46  253558.970904  9.7189145809  -758.538195298  889.578225289
18.0  4.13  387197.421494  9.26652725083  -491.072957295  977.14416731
18.0  4.8  479772.924713  8.85136841252  -197.379972671  1070.86755933
18.0  5.47  601320.22362  8.46348126143  122.564633961  1170.70958668
18.0  6.14  623619.956689  8.09290899306  468.310674359  1276.6314347
18.0  6.81  385305.19544  7.7296948029  838.502659436  1388.59428874
18.0  7.48  -274990.988602  7.36388188644  1231.66608958  1506.55933413
18.0  8.15  -1518635.52392  6.98551343916  1646.32646516  1630.4877562
18.0  8.82  -3506995.33898  6.58463265656  2081.00928657  1760.34074031
18.0  9.49  -6401437.36228  6.15128273412  2534.24005419  1896.07947178
18.0  10.16  -10363328.5223  5.67550686734  3004.54426841  2037.66513595
18.0  10.83  -15554035.7475  5.14734825169  3490.4474296  2185.05891816
18.0  11.5  -22134925.9663  4.55685008268  3990.47503815  2338.22200375
18.0  12.17  -30267366.1073  3.89405555578  4503.15259444  2497.11557806
18.0  12.84  -40112723.0989  3.1490078665  5027.00559886  2661.70082643
18.0  13.51  -51832363.8696  2.3117502103  5560.55955178  2831.9389342
18.0  14.18  -65587655.3479  1.3723257827  6102.33995359  3007.79108669
18.0  14.85  -81539964.4622  0.320777779164  6650.87230468  3189.21846926
18.0  15.52  -99850658.1411  -0.852850604807  7204.68210542  3376.18226724
18.0  16.19  -120681103.313  -2.15851617373  7762.29485619  3568.64366597
18.0  16.86  -144192666.906  -3.60617573211  8322.23605739  3766.56385078
18.0  17.53  -170546715.85  -5.20578608446  8883.0312094  3969.90400702
18.0  18.2  -199904617.071  -6.96730403529  9443.20581259  4178.62532003
18.0  18.87  -232427737.5  -8.90068638912  10001.2853673  4392.68897513
18.0  19.54  -268277444.064  -11.0158899505  10555.7953741  4612.05615768
18.0  20.21  -307615103.692  -13.3228715238  11105.2613331  4836.688053
18.0  20.88  -350602083.312  -15.8315879137  11648.2087449  5066.54584644
18.0  21.55  -397399749.853  -18.5519959246  12183.1631097  5301.59072334
18.0  22.22  -448169470.244  -21.4940523611  12708.6499281  5541.78386903
18.0  22.89  -503072611.412  -24.6677140276  13223.1947003  5787.08646885
18.0  23.56  -562270540.287  -28.0829377287  13725.3229267  6037.45970815
18.0  24.23  -625924623.796  -31.7496802689  14213.5601078  6292.86477225
18.0  24.9  -694196228.868  -35.6778984526  14686.4317439  6553.2628465
18.0  25.57  -767246722.432  -39.8775490845  15142.4633355  6818.61511623
20.0  -22.0  -1250426366.06  261.26011631  1375.16079907  3447.8174208
20.0  -21.33  -1149489262.94  244.200910327  1093.15899526  3200.44265586
20.0  -20.66  -1054132523.87  227.943442566  810.42414814  2964.00628721
20.0  -19.99  -964197530.521  212.467968177  527.553665987  2738.42899791
20.0  -19.32  -879525664.576  197.75474231  245.144957069  2523.63147106
20.0  -18.65  -799958307.711  183.784020115  -36.204570341  2319.53438973
20.0  -17.98  -725336841.605  170.536056743  -315.897507974  2126.058437
20.0  -17.31  -655502647.936  157.991107345  -593.336447559  1943.12429597
20.0  -16.64  -590297108.382  146.12942707  -867.923980825  1770.65264971
20.0  -15.97  -529561604.62  134.93127107  -1139.0626995  1608.56418131
20.0  -15.3  -473137518.33  124.376894493  -1406.15519532  1456.77957384
20.0  -14.63  -420866231.188  114.446552492  -1668.60406  1315.2195104
20.0  -13.96  -372589124.873  105.120500216  -1925.81188529  1183.80467406
20.0  -13.29  -328147581.064  96.3789928154  -2177.1812629  1062.4557479
20.0  -12.62  -287382981.437  88.2022854407  -2422.11478457  951.093415018
20.0  -11.95  -250136707.672  80.5706332424  -2660.01504202  849.638358484
20.0  -11.28  -216250141.446  73.4642913708  -2890.28462699  758.011261385
20.0  -10.61  -185564664.437  66.8635149762  -3112.32613121  676.132806803
20.0  -9.94  -157921658.324  60.7485592091  -3325.5421464  603.923677822
20.0  -9.27  -133162504.784  55.0996792198  -3529.33526429  541.304557522
20.0  -8.6  -111128585.495  49.8971301587  -3723.10807662  488.196128988
20.0  -7.93  -91661282.1358  45.1211671762  -3906.2631751  444.519075302
20.0  -7.26  -74601976.3841  40.7520454226  -4078.20315149  410.194079547
20.0  -6.59  -59792049.918  36.7700200484  -4238.33059749  385.141824806
20.0  -5.92  -47072884.4156  33.1553462038  -4386.04810484  369.28299416
20.0  -5.25  -36285861.5548  29.8882790394  -4520.75826527  362.538270694
20.0  -4.58  -27272363.0138  26.9490737053  -4641.86367051  364.828337489
20.0  -3.91  -19873770.4706  24.3179853522  -4748.76691229  376.073877628
20.0  -3.24  -13931465.6033  21.9752691302  -4840.87058234  396.195574194
20.0  -2.57  -9286830.08985  19.9011801898  -4917.57727238  425.11411027
20.0  -1.9  -5781245.60837  18.0759736814  -4978.28957415  462.750168938
20.0  -1.23  -3256093.83689  16.4799047553  -5022.41007938  509.024433282
20.0  -0.56  -1552756.45348  15.0932285619  -5049.34137979  563.857586383
20.0  0.11  -512615.136184  13.8962002516  -5058.48606711  627.170311325
20.0  0.78  22948.4369403  12.8690749748  -5049.24673308  698.88329119
20.0  1.45  212552.587842  11.9921078818  -5021.02596942  778.917209061
20.0  2.12  214815.638468  11.245554123  -4973.22636787  867.19274802
20.0  2.79  188355.910765  10.6096688489  -4905.25052014  963.630591151
20.0  3.46  291019.933817  10.0647072096  -4816.50101798  1068.15142154
20.0  4.13  504922.94531  9.59092435578  -4706.38045311  1180.67592226
20.0  4.8  649413.878966  9.16857543762  -4574.29141725  1301.1247764
20.0  5.47  841595.506872  8.77791560557  -4419.63650215  1429.41866704
20.0  6.14  843483.112939  8.39920000998  -4241.81829952  1565.47827727
20.0  6.81  357797.795085  8.01268380124  -4040.2394011  1709.22429017
20.0  7.48  -912739.348773  7.59862212973  -3814.30239862  1860.57738881
20.0  8.15  -3265407.22072  7.13727014581  -3563.40988381  2019.45825629
20.0  8.82  -6997484.72283  6.60888299987  -3286.96444839  2185.78757569
20.0  9.49  -12406250.7572  5.99371584228  -2984.36868409  2359.48603008
20.0  10.16  -19788984.2259  5.27202382342  -2655.02518265  2540.47430255
20.0  10.83  -29442964.031  4.42406209367  -2298.33653579  2728.67307619
20.0  11.5  -41665469.0746  3.43008580339  -1913.70533525  2924.00303408
20.0  12.17  -56753778.2589  2.27035010297  -1500.53417275  3126.38485929
20.0  12.84  -75005170.4857  0.925110142777  -1058.22564002  3335.73923492
20.0  13.51  -96716924.6574  -0.625378926805  -586.182328788  3551.98684404
20.0  14.18  -122186319.676  -2.4008619554  -83.8068307888  3775.04836974
20.0  14.85  -151710634.443  -4.42108379264  449.498262251  4004.84449509
20.0  15.52  -185587147.862  -6.70578928815  1014.3303586  4241.29590319
20.0  16.19  -224113138.833  -9.27472329154  1611.28686653  4484.32327712
20.0  16.86  -267585886.26  -12.1476306524  2240.96519432  4733.84729995
20.0  17.53  -316302669.044  -15.3442562205  2903.96275023  4989.78865478
20.0  18.2  -370560766.087  -18.8843448453  3600.87694253  5252.06802468
20.0  18.87  -430657456.291  -22.7876413765  4332.3051795  5520.60609273
20.0  19.54  -496890018.559  -27.0738906637  5098.8448694  5795.32354203
20.0  20.21  -569555731.793  -31.7628375565  5901.09342051  6076.14105564
20.0  20.88  -648951874.895  -36.8742269046  6739.64824109  6362.97931666
20.0  21.55  -735375726.766  -42.4278035575  7615.10673942  6655.75900817
20.0  22.22  -829124566.309  -48.443312365  8528.06632377  6954.40081325
20.0  22.89  -930495672.425  -54.9404981766  9479.12440241  7258.82541498
20.0  23.56  -1039786324.02  -61.9391058419  10468.8783836  7568.95349644
20.0  24.23  -1157293799.99  -69.4588802106  11497.9256756  7884.70574073
20.0  24.9  -1283315379.24  -77.5195661324  12566.8636868  8206.00283091
20.0  25.57  -1418148340.67  -86.1409084567  13676.2898253  8532.76545008
22.0  -22.0  -2096685800.49  415.473917594  -5319.28632326  4584.76690968
22.0  -21.33  -1927429263.79  387.152255833  -5224.34235199  4249.33586538
22.0  -20.66  -1767529414.76  360.194261974  -5156.16964699  3928.93380935
22.0  -19.99  -1616720367.59  334.565846621  -5113.6341451  3623.42742165
22.0  -19.32  -1474736236.46  310.232920374  -5095.60178316  3332.68338236
22.0  -18.65  -1341311135.55  287.161393835  -5100.93849802  3056.56837156
22.0  -17.98  -1216179179.04  265.317177605  -5128.51022651  2794.94906932
22.0  -17.31  -1099074481.11  244.666182286  -5177.18290547  2547.69215572
22.0  -16.64  -989731155.951  225.174318479  -5245.82247176  2314.66431083
22.0  -15.97  -887883317.737  206.807496787  -5333.29486221  2095.73221473
22.0  -15.3  -793265080.653  189.53162781  -5438.46601366  1890.7625475
22.0  -14.63  -705610558.879  173.312622149  -5560.20186296  1699.6219892
22.0  -13.96  -624653866.598  158.116390407  -5697.36834695  1522.17721991
22.0  -13.29  -550129117.992  143.908843185  -5848.83140247  1358.29491972
22.0  -12.62  -481770427.242  130.655891085  -6013.45696636  1207.84176869
22.0  -11.95  -419311908.531  118.323444707  -6190.11097547  1070.68444689
22.0  -11.28  -362487676.039  106.877414654  -6377.65936663  946.689634414
22.0  -10.61  -311031843.95  96.2837115268  -6574.96807669  835.724011325
22.0  -9.94  -264678526.444  86.508245927  -6780.9030425  737.6542577
22.0  -9.27  -223161837.704  77.5169284561  -6994.33020088  652.347053614
22.0  -8.6  -186215891.911  69.2756697156  -7214.11548869  579.669079144
22.0  -7.93  -153574803.247  61.7503803071  -7439.12484277  519.487014364
22.0  -7.26  -124972685.894  54.9069708321  -7668.22419996  471.667539349
22.0  -6.59  -100143654.034  48.711351892  -7900.2794971  436.077334175
22.0  -5.92  -78821821.849  43.1294340883  -8134.15667104  412.583078916
22.0  -5.25  -60741303.5201  38.1271280226  -8368.72165861  401.051453649
22.0  -4.58  -45636213.2295  33.6703442964  -8602.84039666  401.349138447
22.0  -3.91  -33240665.159  29.7249935112  -8835.37882203  413.342813387
22.0  -3.24  -23288773.4905  26.2569862684  -9065.20287156  436.899158543
22.0  -2.57  -15514652.4056  23.2322331696  -9291.17848209  471.884853991
22.0  -1.9  -9652416.08636  20.6166448163  -9512.17159047  518.166579805
22.0  -1.23  -5436178.71445  18.37613181  -9727.04813355  575.611016062
22.0  -0.56  -2600054.47175  16.4766047521  -9934.67404815  644.084842835
22.0  0.11  -878157.540053  14.8839742443  -10133.9152711  723.454740202
22.0  0.78  -4602.10119386  13.5641508879  -10323.6377393  813.587388235
22.0  1.45  286497.663011  12.4830452846  -10502.7073896  914.349467012
22.0  2.12  261027.570742  11.6065680357  -10669.9901587  1025.60765661
22.0  2.79  184873.440179  10.9006297429  -10824.3519836  1147.22863709
22.0  3.46  322647.098778  10.3311410076  -10964.6588011  1279.07908855
22.0  4.13  648862.953977  9.86401243128  -11089.776548  1421.02569105
22.0  4.8  864891.580014  9.46515461549  -11198.5711611  1572.93512467
22.0  5.47  1155550.9035  9.10047816173  -11289.9085774  1734.67406948
22.0  6.14  1122892.66076  8.7358936715  -11362.6547336  1906.10920556
22.0  6.81  271750.684569  8.3373117463  -11415.6755667  2087.10721299
22.0  7.48  -1893041.19231  7.87064298764  -11447.8370133  2277.53477183
22.0  8.15  -5866649.13712  7.30179799702  -11458.0050104  2477.25856217
22.0  8.82  -12144239.3171  6.59668737594  -11445.0454949  2686.14526408
22.0  9.49  -21220977.8994  5.72122172591  -11407.8244035  2904.06155763
22.0  10.16  -33592031.0514  4.64131164843  -11345.2076731  3130.87412291
22.0  10.83  -49752564.9403  3.32286774501  -11256.0612406  3366.44963998
22.0  11.5  -70197745.7332  1.73180061714  -11139.2510428  3610.65478892
22.0  12.17  -95422739.5975  -0.16597913366  -10993.6430165  3863.3562498
22.0  12.84  -125922712.7  -2.40456090589  -10818.1030985  4124.42070271
22.0  13.51  -162192831.209  -5.01803409806  -10611.4972258  4393.71482771
22.0  14.18  -204728261.291  -8.04048810865  -10372.6913351  4671.10530489
22.0  14.85  -254024169.112  -11.5060123362  -10100.5513634  4956.45881431
22.0  15.52  -310575720.842  -15.4486961791  -9793.94324736  5249.64203605
22.0  16.19  -374878082.646  -19.9026290359  -9451.73292393  5550.52165019
22.0  16.86  -447426420.692  -24.9019003052  -9072.78632992  5858.9643368
22.0  17.53  -528715901.147  -30.4805993853  -8655.96940217  6174.83677596
22.0  18.2  -619241690.179  -36.6728156749  -8200.14807754  6498.00564774
22.0  18.87  -719498953.955  -43.5126385723  -7704.18829286  6828.33763222
22.0  19.54  -829982858.641  -51.0341574762  -7166.95598497  7165.69940947
22.0  20.21  -951188570.405  -59.2714617849  -6587.31709072  7509.95765957
22.0  20.88  -1083611255.42  -68.2586408971  -5964.13754695  7860.97906259
22.0  21.55  -1227746079.84  -78.0297842111  -5296.2832905  8218.63029862
22.0  22.22  -1384088209.84  -88.6189811254  -4582.62025822  8582.77804771
22.0  22.89  -1553132811.59  -100.060321039  -3822.01438693  8953.28898995
22.0  23.56  -1735375051.25  -112.387893349  -3013.3316135  9330.02980542
22.0  24.23  -1931310095.0  -125.635787456  -2155.43787476  9712.86717419
22.0  24.9  -2141433108.99  -139.838092757  -1247.19910754  10101.6677763
22.0  25.57  -2366239259.4  -155.02889865  -287.481248701  10496.2982919
