-6.0  -21.0  -60.8890434803  -9.69865523638  -10.8498649848  8916881616.92
-6.0  -20.33  -55.6864897641  -8.86180299447  -10.1547626399  8154431278.66
-6.0  -19.66  -50.7871247081  -8.07357996673  -9.48499913321  7436720805.85
-6.0  -18.99  -46.1819568115  -7.33255001067  -8.84033651413  6762397841.84
-6.0  -18.32  -41.8619945736  -6.63727698382  -8.22053683185  6130110030.0
-6.0  -17.65  -37.8182464937  -5.98632474369  -7.62536213563  5538505013.72
-6.0  -16.98  -34.041721071  -5.3782571478  -7.05457447471  4986230436.35
-6.0  -16.31  -30.5234268047  -4.81163805367  -6.50793589835  4471933941.27
-6.0  -15.64  -27.2543721941  -4.28503131882  -5.98520845578  3994263171.85
-6.0  -14.97  -24.2255657384  -3.79700080076  -5.48615419627  3551865771.45
-6.0  -14.3  -21.4280159369  -3.34611035703  -5.01053516906  3143389383.45
-6.0  -13.63  -18.8527312889  -2.93092384513  -4.55811342338  2767481651.22
-6.0  -12.96  -16.4907202935  -2.55000512258  -4.12865100851  2422790218.13
-6.0  -12.29  -14.33299145  -2.20191804691  -3.72190997367  2107962727.54
-6.0  -11.62  -12.3705532578  -1.88522647563  -3.33765236813  1821646822.83
-6.0  -10.95  -10.5944142159  -1.59849426625  -2.97564024112  1562490147.37
-6.0  -10.28  -8.99558282375  -1.34028527631  -2.6356356419  1329140344.52
-6.0  -9.61  -7.5650675805  -1.10916336332  -2.31740061971  1120245057.66
-6.0  -8.94  -6.29387698542  -0.903692384792  -2.02069722381  934451930.158
-6.0  -8.27  -5.17301953776  -0.722436198251  -1.74528750343  770408605.384
-6.0  -7.6  -4.19350373676  -0.563958661215  -1.49093350784  626762726.706
-6.0  -6.93  -3.34633808168  -0.426823631202  -1.25739728627  502161937.495
-6.0  -6.26  -2.62253107176  -0.309594965731  -1.04444088798  395253881.121
-6.0  -5.59  -2.01309120625  -0.210836522321  -0.851826362205  304686200.955
-6.0  -4.92  -1.50902698439  -0.129112158491  -0.679315758205  229106540.365
-6.0  -4.25  -1.10134690544  -0.0629857317596  -0.526671125224  167162542.723
-6.0  -3.58  -0.78105946865  -0.0110210996453  -0.39365451251  117501851.398
-6.0  -2.91  -0.539173173258  0.0282178803329  -0.280027969312  78772109.7594
-6.0  -2.24  -0.366696518517  0.0561673506561  -0.185553544878  49620961.1782
-6.0  -1.57  -0.254638003674  0.0742634538056  -0.109993288455  28696049.024
-6.0  -0.9  -0.194006127978  0.0839423322625  -0.0531092492916  14645016.6669
-6.0  -0.23  -0.175809390676  0.0866401285082  -0.0146634766363  6115507.47678
-6.0  0.44  -0.191056291017  0.0837929850237  0.0055819802629  1755164.82371
-6.0  1.11  -0.23075532825  0.0768370442903  0.007865072158  211632.077655
-6.0  1.78  -0.285915001621  0.0672084487892  -0.00757625019914  132552.608621
-6.0  2.45  -0.34754381038  0.0563433410016  -0.0405040360567  168672.872675
-6.0  3.12  -0.406650253774  0.0456778634087  -0.0906803346627  -159158.328157
-6.0  3.79  -0.454242831052  0.0366481584917  -0.157867195265  -70084.0053381
-6.0  4.46  -0.481330041461  0.0306903687319  -0.241826667113  -35127.0239062
-6.0  5.13  -0.47892038425  0.0292406366103  -0.342320799453  48143.0540252
-6.0  5.8  -0.438022358667  0.0337351046082  -0.459111641534  405042.327073
-6.0  6.47  -0.34964446396  0.0456099152068  -0.591961242605  1260886.89386
-6.0  7.14  -0.204795199377  0.0663012108874  -0.740631651912  2840992.85299
-6.0  7.81  0.00551693583439  0.0972451341311  -0.904884918705  5370676.30309
-6.0  8.48  0.290283442425  0.139877827419  -1.08448309223  9075253.34278
-6.0  9.15  0.658495821147  0.195635433233  -1.27918822174  14180040.0707
-6.0  9.82  1.11914557275  0.265954094053  -1.48876235648  20910352.5854
-6.0  10.49  1.68122419799  0.352269952361  -1.71296754569  29491506.9855
-6.0  11.16  2.35372319762  0.456019150638  -1.95156583863  40148819.3697
-6.0  11.83  3.14563407239  0.578637831366  -2.20431928455  53107605.8366
-6.0  12.5  4.06594832305  0.721562137025  -2.47098993269  68593182.4848
-6.0  13.17  5.12365745035  0.886228210097  -2.75133983229  86830865.4128
-6.0  13.84  6.32775295504  1.07407219306  -3.04513103262  108045970.719
-6.0  14.51  7.68722633789  1.2865302284  -3.35212558291  132463814.503
-6.0  15.18  9.21106909963  1.5250384586  -3.67208553242  160309712.863
-6.0  15.85  10.908272741  1.79103302614  -4.00477293039  191808981.897
-6.0  16.52  12.7878287628  2.08595007349  -4.34994982607  227186937.703
-6.0  17.19  14.8587286658  2.41122574314  -4.70737826871  266668896.382
-6.0  17.86  17.1299639506  2.76829617758  -5.07682030756  310480174.031
-6.0  18.53  19.6105261181  3.15859751928  -5.45803799186  358846086.748
-6.0  19.2  22.309406669  3.58356591072  -5.85079337087  411991950.633
-6.0  19.87  25.2355971041  4.04463749438  -6.25484849383  470143081.784
-6.0  20.54  28.3980889241  4.54324841275  -6.66996540998  533524796.3
-6.0  21.21  31.8058736298  5.08083480831  -7.09590616859  602362410.279
-6.0  21.88  35.4679427219  5.65883282354  -7.53243281889  676881239.82
-6.0  22.55  39.3932877011  6.27867860092  -7.97930741014  757306601.022
-6.0  23.22  43.5909000683  6.94180828292  -8.43629199157  843863809.982
-6.0  23.89  48.0697713241  7.64965801204  -8.90314861245  936778182.801
-6.0  24.56  52.8388929694  8.40366393076  -9.37963932201  1036275035.58
-4.0  -21.0  -39.2093608991  -6.13459325348  -4.72128528207  5703826175.19
-4.0  -20.33  -35.8633596527  -5.60417183008  -4.46072915293  5216090865.6
-4.0  -19.66  -32.7122073676  -5.10459181934  -4.20584099749  4756976657.17
-4.0  -18.99  -29.7501274095  -4.63494192051  -3.95677944957  4325618381.24
-4.0  -18.32  -26.9713431443  -4.19431083283  -3.71370314302  3921150869.17
-4.0  -17.65  -24.3700779376  -3.78178725555  -3.47677071167  3542708952.31
-4.0  -16.98  -21.9405551554  -3.39645988793  -3.24614078935  3189427462.02
-4.0  -16.31  -19.6769981634  -3.0374174292  -3.0219720099  2860441229.63
-4.0  -15.64  -17.5736303273  -2.70374857861  -2.80442300715  2554885086.51
-4.0  -14.97  -15.624675013  -2.39454203543  -2.59365241494  2271893864.01
-4.0  -14.3  -13.8243555863  -2.10888649888  -2.38981886711  2010602393.48
-4.0  -13.63  -12.166895413  -1.84587066822  -2.19308099748  1770145506.27
-4.0  -12.96  -10.6465178587  -1.60458324271  -2.00359743989  1549658033.73
-4.0  -12.29  -9.25744628946  -1.38411292158  -1.82152682818  1348274807.22
-4.0  -11.62  -7.99390407089  -1.18354840409  -1.64702779618  1165130658.09
-4.0  -10.95  -6.85011456884  -1.00197838947  -1.48025897772  999360417.68
-4.0  -10.28  -5.82030114908  -0.838491576995  -1.32137900664  850098917.357
-4.0  -9.61  -4.89868717742  -0.692176665895  -1.17054651678  716480988.467
-4.0  -8.94  -4.07949601963  -0.562122355423  -1.02792014197  597641462.363
-4.0  -8.27  -3.35695104152  -0.447417344826  -0.89365851604  492715170.396
-4.0  -7.6  -2.72527560886  -0.347150333353  -0.76792027283  400836943.918
-4.0  -6.93  -2.17869308744  -0.260410020253  -0.650864046172  321141614.282
-4.0  -6.26  -1.71142684307  -0.186285104772  -0.542648469901  252764012.839
-4.0  -5.59  -1.31770024152  -0.123864286159  -0.443432177853  194838970.942
-4.0  -4.92  -0.99173664859  -0.0722362636629  -0.353373803861  146501319.942
-4.0  -4.25  -0.727759430063  -0.030489736531  -0.27263198176  106885891.192
-4.0  -3.58  -0.519991951731  0.0022865959883  -0.201365345384  75127516.0431
-4.0  -2.91  -0.362657579383  0.0270040346469  -0.13973252857  50361025.8476
-4.0  -2.24  -0.249979678809  0.0445738801968  -0.0878921651497  31721251.9576
-4.0  -1.57  -0.176181615799  0.0559074333897  -0.0460028889592  18343025.7249
-4.0  -0.9  -0.135486756141  0.0619159949776  -0.0142233338328  9361178.50177
-4.0  -0.23  -0.122118465625  0.0635108657124  0.00728786639494  3910541.64003
-4.0  0.44  -0.130300110041  0.0616033463459  0.0183720778894  1125946.49171
-4.0  1.11  -0.154255055179  0.0571047376299  0.0188706668161  142224.408826
-4.0  1.78  -0.188206666827  0.0509263403165  0.00862499934035  94206.7433667
-4.0  2.45  -0.226378310775  0.0439794551574  -0.0125235583724  118717.47376
-4.0  3.12  -0.262993352812  0.0371753829046  -0.0447336401568  -88701.7269614
-4.0  3.79  -0.292275158729  0.0314254243099  -0.0881638798473  -26992.0471512
-4.0  4.46  -0.308447094314  0.0276408801252  -0.142972911279  -1289.70396091
-4.0  5.13  -0.305732525357  0.0267330511024  -0.209319368285  65030.1220929
-4.0  5.8  -0.278354817648  0.0296132379934  -0.287361884702  329636.869752
-4.0  6.47  -0.220537336976  0.03719274155  -0.377259094363  950199.977757
-4.0  7.14  -0.12650344913  0.0503828625241  -0.479169631103  2084388.88485
-4.0  7.81  0.00952348009985  0.0700949016677  -0.593252128757  3889873.02977
-4.0  8.48  0.193320084924  0.0972401597325  -0.719665221159  6524321.85127
-4.0  9.15  0.430662999554  0.13272993747  -0.858567542144  10145404.7881
-4.0  9.82  0.727328858199  0.177475535633  -1.01011772555  14910791.2789
-4.0  10.49  1.08909429507  0.232388254973  -1.1744744052  20978150.7626
-4.0  11.16  1.52173594438  0.298379396242  -1.35179621494  28505152.6778
-4.0  11.83  2.03103044033  0.376360260192  -1.5422417886  37649466.4633
-4.0  12.5  2.62275441715  0.467242147574  -1.74596976002  48568761.5578
-4.0  13.17  3.30268450903  0.57193635914  -1.96313876303  61420707.4
-4.0  13.84  4.07659735019  0.691354195643  -2.19390743147  76362973.4288
-4.0  14.51  4.95026957484  0.826406957834  -2.43843439916  93553229.0828
-4.0  15.18  5.92947781719  0.978005946465  -2.69687829995  113149143.801
-4.0  15.85  7.01999871145  1.14706246229  -2.96939776766  135308387.021
-4.0  16.52  8.22760889183  1.33448780605  -3.25615143614  160188628.184
-4.0  17.19  9.55808499254  1.54119327852  -3.55729793922  187947536.726
-4.0  17.86  11.0172036478  1.76809018043  -3.87299591073  218742782.087
-4.0  18.53  12.6107414918  2.01608981254  -4.2034039845  252732033.706
-4.0  19.2  14.3444751588  2.2861034756  -4.54868079438  290072961.022
-4.0  19.87  16.2241812829  2.57904247036  -4.9089849742  330923233.473
-4.0  20.54  18.2556364984  2.89581809758  -5.28447515778  375440520.497
-4.0  21.21  20.4446174396  3.23734165801  -5.67530997897  423782491.534
-4.0  21.88  22.7969007405  3.60452445239  -6.08164807161  476106816.023
-4.0  22.55  25.3182630354  3.99827778149  -6.50364806951  532571163.402
-4.0  23.22  28.0144809586  4.41951294605  -6.94146860653  593333203.11
-4.0  23.89  30.8913311442  4.86914124682  -7.39526831648  658550604.585
-4.0  24.56  33.9545902265  5.34807398456  -7.86520583322  728381037.267
-2.0  -21.0  -23.7889515315  -3.56522066685  -0.876379809189  3358914128.85
-2.0  -20.33  -21.7642908036  -3.25579227911  -0.881032013615  3071672300.11
-2.0  -19.66  -19.857326039  -2.96438289585  -0.879954384563  2801287449.73
-2.0  -18.99  -18.0645706685  -2.69045923736  -0.873508067146  2547249986.35
-2.0  -18.32  -16.3825381228  -2.43348802396  -0.862054206478  2309050318.63
-2.0  -17.65  -14.8077418329  -2.19293597593  -0.84595394767  2086178855.21
-2.0  -16.98  -13.3366952295  -1.96826981359  -0.825568435836  1878126004.74
-2.0  -16.31  -11.9659117435  -1.75895625723  -0.801258816088  1684382175.86
-2.0  -15.64  -10.6919048056  -1.56446202715  -0.77338623354  1504437777.23
-2.0  -14.97  -9.51118784683  -1.38425384365  -0.742311833304  1337783217.49
-2.0  -14.3  -8.42027429788  -1.21779842704  -0.708396760492  1183908905.29
-2.0  -13.63  -7.41567758961  -1.06456249762  -0.672002160219  1042305249.28
-2.0  -12.96  -6.49391115284  -0.924012775674  -0.633489177595  912462658.095
-2.0  -12.29  -5.6514884184  -0.795615981518  -0.593218957735  793871540.392
-2.0  -11.62  -4.88492281712  -0.67883883545  -0.55155264575  686022304.817
-2.0  -10.95  -4.19072777983  -0.573148057769  -0.508851386755  588405360.016
-2.0  -10.28  -3.56541673735  -0.478010368777  -0.46547632586  500511114.636
-2.0  -9.61  -3.00550312052  -0.392892488774  -0.42178860818  421829977.326
-2.0  -8.94  -2.50750036015  -0.317261138062  -0.378149378828  351852356.732
-2.0  -8.27  -2.06792188707  -0.25058303694  -0.334919782914  290068661.502
-2.0  -7.6  -1.68328113212  -0.192324905709  -0.292460965554  235969300.282
-2.0  -6.93  -1.35009152611  -0.141953464671  -0.251134071859  189044681.72
-2.0  -6.26  -1.06486649989  -0.0989354341257  -0.211300246942  148785214.464
-2.0  -5.59  -0.82411948426  -0.0627375343743  -0.173320635916  114681307.16
-2.0  -4.92  -0.624363910064  -0.0328264857174  -0.137556383894  86223368.4561
-2.0  -4.25  -0.462113208126  -0.00866900845574  -0.104368635989  62901806.9992
-2.0  -3.58  -0.333880809272  0.0102681771099  -0.0741185373126  44207031.4366
-2.0  -2.91  -0.23618014433  0.0245183506787  -0.0471672329784  29629450.4156
-2.0  -2.24  -0.165524644125  0.0346147919499  -0.0238758680992  18659472.5834
-2.0  -1.57  -0.118427739486  0.0410907806229  -0.0046055877876  10787506.5873
-2.0  -0.9  -0.0914028612396  0.0444795963968  0.0102824628435  5503961.07448
-2.0  -0.23  -0.0809634402125  0.045314518971  0.0204271386815  2299244.69231
-2.0  0.44  -0.0836229072321  0.0441288280446  0.0254672946134  663766.087981
-2.0  1.11  -0.0958946931253  0.0414558033169  0.0250417855265  87933.9087641
-2.0  1.78  -0.114292228719  0.0378287244872  0.018789466308  62156.8019096
-2.0  2.45  -0.135328944841  0.0337808712546  0.00634919184524  78023.8487187
-2.0  3.12  -0.155518272318  0.0298455233186  -0.0126401829747  -41901.6876492
-2.0  3.79  -0.171373641976  0.0265559603782  -0.0385398032646  -883.21478038
-2.0  4.46  -0.179408484644  0.0244454621327  -0.0717108141371  18044.8157352
-2.0  5.13  -0.176136231147  0.0240473082815  -0.112514360705  68793.4957352
-2.0  5.8  -0.158070312314  0.0258947785237  -0.161311588081  254995.544262
-2.0  6.47  -0.121724158971  0.0305211525586  -0.218463641379  680283.680357
-2.0  7.14  -0.0636112019455  0.0384597100854  -0.28433166571  1448290.62306
-2.0  7.81  0.0197551279359  0.0502437308034  -0.359276806188  2662649.09142
-2.0  8.48  0.131861399846  0.0664064944118  -0.443660207925  4426991.80447
-2.0  9.15  0.276194182957  0.08748128061  -0.537843016034  6844951.48126
-2.0  9.82  0.456240046443  0.114001369097  -0.642186375629  10020160.8408
-2.0  10.49  0.675485559477  0.146500039572  -0.757051431821  14056252.6022
-2.0  11.16  0.93741729123  0.185510571735  -0.882799329723  19056859.4845
-2.0  11.83  1.24552181088  0.231566245284  -1.01979121445  25125614.2066
-2.0  12.5  1.60328568759  0.28520033992  -1.16838823111  32366149.4877
-2.0  13.17  2.01419549054  0.34694613534  -1.32895152482  40882098.0468
-2.0  13.84  2.48173778891  0.417336911245  -1.50184224069  50777092.6029
-2.0  14.51  3.00939915186  0.496905947333  -1.68742152384  62154765.8751
-2.0  15.18  3.60066614856  0.586186523305  -1.88605051938  75118750.5825
-2.0  15.85  4.2590253482  0.685711918858  -2.09809037241  89772679.4439
-2.0  16.52  4.98796331994  0.796015413693  -2.32390222806  106220185.179
-2.0  17.19  5.79096663296  0.917630287509  -2.56384723143  124564900.506
-2.0  17.86  6.67152185643  1.05108982  -2.81828652764  144910458.144
-2.0  18.53  7.63311555952  1.19692729088  -3.0875812618  167360490.812
-2.0  19.2  8.67923431141  1.35567597983  -3.37209257903  192018631.23
-2.0  19.87  9.81336468126  1.52786916656  -3.67218162443  218988512.116
-2.0  20.54  11.0389932383  1.71404013077  -3.98820954312  248373766.19
-2.0  21.21  12.3596065516  1.91472215216  -4.32053748022  280278026.17
-2.0  21.88  13.7786911904  2.13044851041  -4.66952658083  314804924.776
-2.0  22.55  15.2997337238  2.36175248525  -5.03553799006  352058094.727
-2.0  23.22  16.9262207211  2.60916735636  -5.41893285304  392141168.74
-2.0  23.89  18.6616387514  2.87322640344  -5.82007231487  435157779.537
-2.0  24.56  20.5094743839  3.15446290619  -6.23931752067  481211559.835
0.0  -21.0  -13.5853408549  -1.83050044322  1.13858792663  1748406204.44
0.0  -20.33  -12.4358471031  -1.67035653935  1.00356614364  1598869437.59
0.0  -19.66  -11.3529009531  -1.51957640782  0.879150756535  1458109426.21
0.0  -18.99  -10.3345346702  -1.37788159563  0.764928304783  1325860816.07
0.0  -18.32  -9.37878051988  -1.24499364978  0.660485327858  1201858252.91
0.0  -17.65  -8.48367076759  -1.12063411726  0.565408365233  1085836382.48
0.0  -16.98  -7.64723767871  -1.00452454506  0.479283956383  977529850.557
0.0  -16.31  -6.86751351866  -0.89638648017  0.401698640782  876673302.878
0.0  -15.64  -6.14253055286  -0.795941469586  0.332238957902  783001385.202
0.0  -14.97  -5.47032104671  -0.702911060299  0.270491447217  696248743.284
0.0  -14.3  -4.84891726563  -0.617016799302  0.216042648202  616150022.877
0.0  -13.63  -4.27635147504  -0.537980233587  0.16847910033  542439869.736
0.0  -12.96  -3.75065594034  -0.465522910147  0.127387343075  474852929.616
0.0  -12.29  -3.26986292695  -0.399366375974  0.0923539159094  413123848.271
0.0  -11.62  -2.83200470029  -0.339232178062  0.0629653583082  356987271.456
0.0  -10.95  -2.43511352576  -0.284841863401  0.0388082097445  306177844.925
0.0  -10.28  -2.07722166878  -0.235916978986  0.0194690096922  260430214.432
0.0  -9.61  -1.75636139477  -0.192179071807  0.00453429762497  219479025.732
0.0  -8.94  -1.47056496914  -0.153349688859  -0.00640938698359  183058924.58
0.0  -8.27  -1.21786465729  -0.119150377133  -0.0137755046598  150904556.729
0.0  -7.6  -0.996292724656  -0.0893026836212  -0.0179775159298  122750567.935
0.0  -6.93  -0.803881436636  -0.063528155317  -0.0194288813202  98331603.9511
0.0  -6.26  -0.638663058649  -0.0415483392124  -0.0185430613571  77382310.5326
0.0  -5.59  -0.498669856108  -0.0230847823  -0.0157335165668  59637333.4338
0.0  -4.92  -0.381934094425  -0.00785903157228  -0.0114137074758  44831318.409
0.0  -4.25  -0.286488039015  0.00440736597831  -0.00599709461022  32698911.2128
0.0  -3.58  -0.210363955291  0.0139928633593  0.000102861503512  22974757.5996
0.0  -2.91  -0.151594108667  0.0211759135781  0.00647270033911  15393503.3238
0.0  -2.24  -0.108210764557  0.0262349696424  0.0126989613703  9689794.13985
0.0  -1.57  -0.0782461883727  0.0294484845596  0.0183681840706  5598275.80227
0.0  -0.9  -0.059732645529  0.0310949113373  0.0230669079139  2853594.06548
0.0  -0.23  -0.0507024014392  0.0314527029829  0.0263816723738  1190394.68393
0.0  0.44  -0.0491877215168  0.030800312504  0.027899016924  343323.412065
0.0  1.11  -0.0532208711753  0.0294161929081  0.0272054810382  47026.0043433
0.0  1.78  -0.0608341158283  0.0275787972028  0.02388760419  36148.2152143
0.0  2.45  -0.0700597208892  0.0255665783955  0.0175319258531  45956.6605633
0.0  3.12  -0.0789299517717  0.0236579894937  0.0077249855013  -14211.5435948
0.0  3.79  -0.0854770738892  0.0221314835051  -0.00594667739183  11921.1738446
0.0  4.46  -0.0877333526553  0.021265513437  -0.0238965233526  26184.3854873
0.0  5.13  -0.0837310534835  0.0213385322971  -0.0465380129072  63025.9085426
0.0  5.8  -0.0715024417873  0.0226289930928  -0.0742846065821  184323.599597
0.0  6.47  -0.0490797829804  0.0254153488317  -0.107549764904  451955.315235
0.0  7.14  -0.0144953424761  0.0299760525212  -0.146746948398  927798.912045
0.0  7.81  0.0342186143118  0.036589557169  -0.192289617591  1673732.24661
0.0  8.48  0.09902982197  0.0455343157824  -0.24459123301  2751633.17552
0.0  9.15  0.181906015085  0.0570887813691  -0.304065255181  4223379.55536
0.0  9.82  0.284814928243  0.0715314069365  -0.37112514463  6150849.24272
0.0  10.49  0.40972429603  0.0891406454923  -0.446184361884  8595920.09418
0.0  11.16  0.558601853034  0.110194950044  -0.529656367468  11620469.9663
0.0  11.83  0.73341533384  0.134972773599  -0.621954621909  15286376.7157
0.0  12.5  0.936132473036  0.163752569164  -0.723492585734  19655518.199
0.0  13.17  1.16872100521  0.196812789748  -0.834683719468  24789772.2727
0.0  13.84  1.43314866494  0.234431888358  -0.955941483639  30751016.7935
0.0  14.51  1.73138318682  0.276888318001  -1.08767933877  37601129.6179
0.0  15.18  2.06539230544  0.324460531685  -1.23031074539  45401988.6025
0.0  15.85  2.43714375537  0.377426982418  -1.38424916403  54215471.6038
0.0  16.52  2.84860527122  0.436066123207  -1.54990805521  64103456.4786
0.0  17.19  3.30174458756  0.500656407058  -1.72770087945  75127821.0833
0.0  17.86  3.79852943898  0.571476286981  -1.91804109729  87350443.2746
0.0  18.53  4.34092756007  0.648804215983  -2.12134216925  100833200.909
0.0  19.2  4.93090668541  0.73291864707  -2.33801755586  115637971.843
0.0  19.87  5.57043454959  0.824098033251  -2.56848071764  131826633.934
0.0  20.54  6.26147888719  0.922620827533  -2.81314511511  149461065.037
0.0  21.21  7.00600743282  1.02876548292  -3.07242420882  168603143.01
0.0  21.88  7.80598792104  1.14281045243  -3.34673145927  189314745.709
0.0  22.55  8.66338808644  1.26503418906  -3.63648032701  211657750.99
0.0  23.22  9.58017566362  1.39571514582  -3.94208427254  235694036.711
0.0  23.89  10.5583183872  1.53513177572  -4.26395675641  261485480.727
0.0  24.56  11.5997839916  1.68356253177  -4.60251123914  289093960.896
2.0  -21.0  -7.5560543469  -0.770395549328  1.77735441817  738563188.5
2.0  -20.33  -6.92459243742  -0.701556808585  1.61230268439  675376188.341
2.0  -19.66  -6.32935234038  -0.636795566838  1.45796447679  615898879.402
2.0  -18.99  -5.76926749636  -0.575988629727  1.31398033786  560019074.846
2.0  -18.32  -5.24327134598  -0.519012802892  1.17999081008  507624587.838
2.0  -17.65  -4.75029732982  -0.46574489197  1.05563643592  458603231.54
2.0  -16.98  -4.28927888851  -0.416061702602  0.940557757872  412842819.115
2.0  -16.31  -3.85914946263  -0.369840040426  0.834395318415  370231163.726
2.0  -15.64  -3.45884249279  -0.326956711081  0.736789660029  330656078.537
2.0  -14.97  -3.08729141958  -0.287288520207  0.647381325196  294005376.711
2.0  -14.3  -2.74342968362  -0.250712273443  0.565810856397  260166871.411
2.0  -13.63  -2.4261907255  -0.217104776427  0.491718796112  229028375.801
2.0  -12.96  -2.13450798583  -0.186342834799  0.424745686824  200477703.043
2.0  -12.29  -1.8673149052  -0.158303254198  0.364532071013  174402666.301
2.0  -11.62  -1.62354492421  -0.132862840263  0.310718491161  150691078.737
2.0  -10.95  -1.40213148348  -0.109898398634  0.262945489749  129230753.516
2.0  -10.28  -1.20200802359  -0.0892867349479  0.220853609257  109909503.801
2.0  -9.61  -1.02210798516  -0.0709046548455  0.184083392168  92615142.7539
2.0  -8.94  -0.861364808775  -0.0546289639655  0.152275380962  77235483.5389
2.0  -8.27  -0.718711935048  -0.040336467947  0.125070118121  63658339.3189
2.0  -7.6  -0.593082804577  -0.0279039724291  0.102108146126  51771523.2572
2.0  -6.93  -0.483410857963  -0.0172082830509  0.0830300074571  41462848.517
2.0  -6.26  -0.388629535808  -0.00812620545146  0.0674762445969  32620128.2615
2.0  -5.59  -0.307672278713  -0.000534545269913  0.0550874000261  25131175.654
2.0  -4.92  -0.23947252728  0.00568989185465  0.0455040162259  18883803.8576
2.0  -4.25  -0.18296372211  0.0106703002831  0.0383666356775  13765826.0355
2.0  -3.58  -0.137079303805  0.0145298743765  0.0333158008621  9665055.35106
2.0  -2.91  -0.100752712967  0.0173918084955  0.029992054261  6469304.96738
2.0  -2.24  -0.0729173901963  0.0193792970012  0.0280359383552  4066388.04771
2.0  -1.57  -0.052506776095  0.0206155342543  0.0270879956261  2344117.75525
2.0  -0.9  -0.0384543112647  0.021223714616  0.0267887685549  1190307.25322
2.0  -0.23  -0.0296934363067  0.0213270324469  0.0267787996226  492769.70485
2.0  0.44  -0.0251575918226  0.0210486821081  0.0266986313106  139318.27334
2.0  1.11  -0.0237802184138  0.0205118579605  0.0261888061001  17766.1219101
2.0  1.78  -0.0244947566819  0.0198397543648  0.0248898664721  15926.4137741
2.0  2.45  -0.0262346472285  0.0191555656822  0.0224423549081  21880.5732595
2.0  3.12  -0.0279333306549  0.0185824862733  0.0184868138891  -1084.62859485
2.0  3.79  -0.0285242475627  0.0182437104992  0.0126637858963  15099.8005347
2.0  4.46  -0.0269408385534  0.0182624327208  0.00461381341098  26436.8559473
2.0  5.13  -0.0221165442285  0.0187618472989  -0.00602256108568  51320.093729
2.0  5.8  -0.0129848051895  0.0198651485945  -0.0196047951125  120826.280603
2.0  6.47  0.00152093796213  0.0216955309684  -0.0364923461882  266032.183294
2.0  7.14  0.0224672446248  0.0243761887816  -0.0570446718317  518014.568525
2.0  7.81  0.0509206741971  0.028030316395  -0.0816212295617  907850.20302
2.0  8.48  0.0879477860774  0.0327811081694  -0.110581476897  1466615.8535
2.0  9.15  0.134615139664  0.0387517584658  -0.144284871356  2225388.28669
2.0  9.82  0.191989294356  0.046065461645  -0.183090870459  3215244.26932
2.0  10.49  0.261136809552  0.054845412068  -0.227358931723  4467260.56811
2.0  11.16  0.34312424465  0.0652148040957  -0.277448512667  6012513.94977
2.0  11.83  0.439018159048  0.077296832089  -0.333719070811  7882081.18105
2.0  12.5  0.549885112145  0.0912146904087  -0.396530063673  10107039.0286
2.0  13.17  0.67679166334  0.107091573416  -0.466240948772  12718464.2593
2.0  13.84  0.820804372031  0.125050675471  -0.543211183627  15747433.6397
2.0  14.51  0.982989797616  0.145215190936  -0.627800225756  19225023.9367
2.0  15.18  1.16441449949  0.167708314171  -0.720367532679  23182311.9168
2.0  15.85  1.36614503706  0.192653239536  -0.821272561913  27650374.3469
2.0  16.52  1.58924796972  0.220173161394  -0.930874770978  32660287.9937
2.0  17.19  1.83478985687  0.250391274104  -1.04953361739  38243129.6239
2.0  17.86  2.10383725791  0.283430772028  -1.17760855868  44429976.0041
2.0  18.53  2.39745673223  0.319414849527  -1.31545905235  51251903.9013
2.0  19.2  2.71671483924  0.358466700961  -1.46344455592  58739990.082
2.0  19.87  3.06267813832  0.400709520692  -1.62192452693  66925311.3129
2.0  20.54  3.43641318889  0.446266503079  -1.79125842287  75838944.3609
2.0  21.21  3.83898655034  0.495260842485  -1.97180570128  85511965.9927
2.0  21.88  4.27146478207  0.547815733271  -2.16392581967  95975452.9749
2.0  22.55  4.73491444347  0.604054369796  -2.36797823556  107260482.074
2.0  23.22  5.23040209395  0.664099946422  -2.58432240647  119398130.058
2.0  23.89  5.7589942929  0.72807565751  -2.81331778991  132419473.691
2.0  24.56  6.32175759972  0.79610469742  -3.05532384342  146355589.743
4.0  -21.0  -4.6586174848  -0.224868951901  1.49365615822  195323219.369
4.0  -20.33  -4.27709069282  -0.203085284624  1.36441497417  178591460.506
4.0  -19.66  -3.91710043167  -0.182663584489  1.24297682718  162843120.456
4.0  -18.99  -3.57801722881  -0.163559974051  1.12909870372  148048429.811
4.0  -18.32  -3.25921161167  -0.145730575867  1.02253759026  134177619.165
4.0  -17.65  -2.9600541077  -0.129131512493  0.923050473262  121200919.108
4.0  -16.98  -2.67991524434  -0.113718906486  0.83039433919  109088560.235
4.0  -16.31  -2.41816554903  -0.099448880402  0.744326174513  97810773.1359
4.0  -15.64  -2.17417554923  -0.0862775567975  0.664602965696  87337788.4048
4.0  -14.97  -1.94731577237  -0.074161058229  0.590981699206  77639836.6336
4.0  -14.3  -1.73695674589  -0.0630555072528  0.523219361508  68687148.4148
4.0  -13.63  -1.54246899725  -0.0529170264252  0.46107293907  60449954.3407
4.0  -12.96  -1.36322305387  -0.0437017383027  0.404299418357  52898485.0038
4.0  -12.29  -1.19858944322  -0.0353657654416  0.352655785835  46002970.9965
4.0  -11.62  -1.04793869273  -0.0278652303984  0.30589902797  39733642.9112
4.0  -10.95  -0.910641329838  -0.0211562557295  0.263786131229  34060731.3404
4.0  -10.28  -0.786067881997  -0.0151949639912  0.226074082078  28954466.8763
4.0  -9.61  -0.673588876648  -0.00993747773987  0.192519866983  24385080.1115
4.0  -8.94  -0.572574841235  -0.00533991953198  0.16288047241  20322801.6384
4.0  -8.27  -0.4823963032  -0.0013584119239  0.136912884825  16737862.0493
4.0  -7.6  -0.402423789988  0.00205092252799  0.114374090695  13600491.9368
4.0  -6.93  -0.332027829042  0.00493196126729  0.0950210764849  10880921.8931
4.0  -6.26  -0.270578947806  0.00732858173761  0.0786108286619  8549382.51077
4.0  -5.59  -0.217447673723  0.00928466138256  0.064900333692  6576104.38217
4.0  -4.92  -0.172004534237  0.0108440776458  0.0536465780411  4931318.09971
4.0  -4.25  -0.133620056792  0.0120507079708  0.0446065481756  3585254.25583
4.0  -3.58  -0.101664768831  0.0129484298013  0.0375372305615  2508143.44292
4.0  -2.91  -0.0755091977979  0.0135811205809  0.032195611665  1670216.25341
4.0  -2.24  -0.0545238711363  0.0139926577531  0.0283386779523  1041703.27971
4.0  -1.57  -0.0380793162897  0.0142269187616  0.0257234158895  592835.114235
4.0  -0.9  -0.0255460607018  0.0143277810501  0.0241068119428  293842.349395
4.0  -0.23  -0.0162946318161  0.014339122062  0.0232458525784  114955.577609
4.0  0.44  -0.00969555707633  0.014304819241  0.0228975242625  26405.391291
4.0  1.11  -0.00511936392604  0.0142687500308  0.0228188134611  -1577.61714483
4.0  1.78  -0.00193657980884  0.0142747918749  0.0227667066406  1237.14471638
4.0  2.45  0.000482267831646  0.0143668222169  0.0224981902669  5157.12416425
4.0  3.12  0.00276665155182  0.0145887185005  0.0217702508064  2030.57590075
4.0  3.79  0.00554604390806  0.0149843581692  0.0203398747252  12327.0836257
4.0  4.46  0.00944991745678  0.0155976186667  0.0179640484893  22113.2062447
4.0  5.13  0.0151077447543  0.0164723774366  0.0143997585651  37263.6074785
4.0  5.8  0.0231489983572  0.0176525119225  0.00940399141864  67635.6450981
4.0  6.47  0.0342031508216  0.019181899568  0.0027337335161  123086.676875
4.0  7.14  0.0488996747041  0.0211044178166  -0.00585402867634  213474.060579
4.0  7.81  0.067868042561  0.0234639441121  -0.0166023086925  348655.153984
4.0  8.48  0.0917377269487  0.026304355898  -0.0297541200663  538487.314858
4.0  9.15  0.121138200424  0.0296695306179  -0.0455524763314  792827.900974
4.0  9.82  0.156698935542  0.0336033457155  -0.0642403910218  1121534.2701
4.0  10.49  0.199049404861  0.0381496786343  -0.0860608776713  1534463.78002
4.0  11.16  0.248819080936  0.043352406818  -0.111256949814  2041473.78848
4.0  11.83  0.306637436323  0.0492554077101  -0.140071620983  2652421.65328
4.0  12.5  0.37313394358  0.0559025587543  -0.172747904713  3377164.73217
4.0  13.17  0.448938075262  0.0633377373942  -0.209528814537  4225560.38293
4.0  13.84  0.534679303927  0.0716048210734  -0.250657363989  5207465.96333
4.0  14.51  0.630987102129  0.0807476872355  -0.296376566604  6332738.83114
4.0  15.18  0.738490942427  0.0908102133241  -0.346929435914  7611236.34413
4.0  15.85  0.857820297375  0.101836276783  -0.402558985454  9052815.86008
4.0  16.52  0.989604639531  0.113869755055  -0.463508228758  10667334.7368
4.0  17.19  1.13447344145  0.126954525585  -0.530020179359  12464650.3319
4.0  17.86  1.29305617569  0.141134465816  -0.602337850791  14454620.0033
4.0  18.53  1.46598231481  0.156453453191  -0.680704256589  16647101.1088
4.0  19.2  1.65388133136  0.172955365155  -0.765362410285  19051951.0061
4.0  19.87  1.8573826979  0.19068407915  -0.856555325415  21679027.053
4.0  20.54  2.07711588698  0.20968347262  -0.95452601551  24538186.6072
4.0  21.21  2.31371037117  0.22999742301  -1.05951749411  27639287.0265
4.0  21.88  2.56779562302  0.251669807762  -1.17177277474  30992185.6687
4.0  22.55  2.84000111508  0.274744504321  -1.29153487094  34606739.8916
4.0  23.22  3.13095631991  0.299265390129  -1.41904679624  38492807.0529
4.0  23.89  3.44129071007  0.325276342631  -1.55455156417  42660244.5105
4.0  24.56  3.77163375811  0.352821239269  -1.69829218828  47118909.622
6.0  -21.0  -3.85055574609  -0.0338836176754  0.74122963958  -14090591.0898
6.0  -20.33  -3.53990575557  -0.0286341652609  0.67914037854  -12910967.4621
6.0  -19.66  -3.24656545764  -0.0238036723523  0.620677858691  -11799298.6119
6.0  -18.99  -2.97003194929  -0.0193752630099  0.565734074018  -10753562.8408
6.0  -18.32  -2.70980232752  -0.0153320612938  0.514201018505  -9771738.45047
6.0  -17.65  -2.46537368931  -0.011657191264  0.465970686137  -8851803.74259
6.0  -16.98  -2.23624313165  -0.00833377698083  0.4209350709  -7991737.01885
6.0  -16.31  -2.02190775155  -0.00534494250435  0.378986166778  -7189516.58092
6.0  -15.64  -1.821864646  -0.00267381189473  0.340015967757  -6443120.73048
6.0  -14.97  -1.63561091198  -0.000303509212126  0.303916467821  -5750527.7692
6.0  -14.3  -1.46264364649  0.00178284148332  0.270579660956  -5109715.99876
6.0  -13.63  -1.30245994652  0.00360211613145  0.239897541145  -4518663.72084
6.0  -12.96  -1.15455690906  0.00517119067212  0.211762102375  -3975349.23712
6.0  -12.29  -1.01843163111  0.00650694104517  0.18606533863  -3477750.84927
6.0  -11.62  -0.893581209658  0.00762624319047  0.162699243896  -3023846.85897
6.0  -10.95  -0.779502741698  0.00854597304784  0.141555812156  -2611615.56789
6.0  -10.28  -0.67569332422  0.00928300655716  0.122527037397  -2239035.27772
6.0  -9.61  -0.581650054219  0.00985421965826  0.105504913603  -1904084.29013
6.0  -8.94  -0.496870028686  0.010276488291  0.0903814347583  -1604740.90679
6.0  -8.27  -0.420850344614  0.0105666883952  0.0770485948489  -1338983.42939
6.0  -7.6  -0.353088098995  0.0107416959108  0.0653983878595  -1104790.1596
6.0  -6.93  -0.293080388823  0.0108183867775  0.055322807775  -900139.399095
6.0  -6.26  -0.240324311089  0.0108136369353  0.0467138485804  -723009.449557
6.0  -5.59  -0.194316962785  0.0107443223239  0.0394635042606  -571378.612661
6.0  -4.92  -0.154555440906  0.0106273188833  0.0334637688006  -443225.190083
6.0  -4.25  -0.120536842441  0.0104795025533  0.0286066361854  -336527.483502
6.0  -3.58  -0.0917582643857  0.0103177492737  0.0247841003999  -249263.794592
6.0  -2.91  -0.0677168037308  0.0101589349844  0.0218881554291  -179412.425033
6.0  -2.24  -0.0479095574692  0.0100199356252  0.0198107952579  -124951.676499
6.0  -1.57  -0.0318336225933  0.009917627136  0.0184440138713  -83859.8506695
6.0  -0.9  -0.0189860960957  0.00986888545662  0.0176798052543  -54115.24922
6.0  -0.23  -0.00886407496886  0.00989058652693  0.0174101633919  -33696.173828
6.0  0.44  -0.000964656205207  0.00999960628677  0.0175270822689  -20580.9261701
6.0  1.11  0.00521506320274  0.010212820676  0.0179225558704  -12747.8079236
6.0  1.78  0.0101779862625  0.0105471056344  0.0184885781813  -8175.12076515
6.0  2.45  0.0144270159816  0.011019337102  0.0191171431866  -4839.78039159
6.0  3.12  0.0184650553676  0.0116463910184  0.0197002448712  -333.691894101
6.0  3.79  0.0227950074279  0.0124451433236  0.0201298772201  7294.64838487
6.0  4.46  0.0279197751702  0.0134324699575  0.0202980342183  16511.5829594
6.0  5.13  0.0343422616018  0.0146252468598  0.0200967098508  24465.1264406
6.0  5.8  0.0425653697304  0.0160403499705  0.0194178981024  28180.8322854
6.0  6.47  0.0530920025635  0.0176946552293  0.0181535929582  24684.253951
6.0  7.14  0.0664250631085  0.0196050385762  0.0161957884031  11000.9448946
6.0  7.81  0.083067454373  0.021788375951  0.0134364784221  -15843.5414268
6.0  8.48  0.103522079365  0.0242615432934  0.00976765700018  -58823.6515559
6.0  9.15  0.128291841091  0.0270414165435  0.00508131812222  -120913.832036
6.0  9.82  0.157879642559  0.0301448716409  -0.000730544226762  -205088.529409
6.0  10.49  0.192788386776  0.0335887845257  -0.00777593606182  -314322.190219
6.0  11.16  0.233520976751  0.0373900311375  -0.016162863398  -451589.261008
6.0  11.83  0.28058031549  0.0415654874164  -0.0259993322503  -619864.188319
6.0  12.5  0.334469306002  0.046132029302  -0.0373933486338  -822121.418695
6.0  13.17  0.395690851293  0.0511065327344  -0.0504529185635  -1061335.39868
6.0  13.84  0.464747854371  0.0565058736532  -0.0652860480544  -1340480.57481
6.0  14.51  0.542143218244  0.0623469279985  -0.0820007431217  -1662531.39364
6.0  15.18  0.628379845919  0.0686465717099  -0.10070500978  -2030462.30171
6.0  15.85  0.723960640404  0.0754216807274  -0.121506854045  -2447247.74555
6.0  16.52  0.829388504706  0.0826891309909  -0.144514281932  -2915862.17172
6.0  17.19  0.945166341833  0.0904657984401  -0.169835299454  -3439280.02675
6.0  17.86  1.07179705479  0.0987685590149  -0.197577912629  -4020475.75719
6.0  18.53  1.20978354659  0.107614288655  -0.227850127469  -4662423.80958
6.0  19.2  1.35962872024  0.117019863301  -0.260759949992  -5368098.63046
6.0  19.87  1.52183547874  0.127002158892  -0.296415386211  -6140474.66638
6.0  20.54  1.6969067251  0.137578051367  -0.334924442141  -6982526.36388
6.0  21.21  1.88534536233  0.148764416668  -0.376395123799  -7897228.1695
6.0  21.88  2.08765429345  0.160578130734  -0.420935437198  -8887554.52979
6.0  22.55  2.30433642144  0.173036069503  -0.468653388353  -9956479.89129
6.0  23.22  2.53589464933  0.186155108918  -0.519656983281  -11106978.7005
6.0  23.89  2.78283188012  0.199952124917  -0.574054227995  -12342025.4041
6.0  24.56  3.04565101681  0.214443993439  -0.631953128511  -13664594.4484
8.0  -21.0  -4.08939460819  -0.0374025133838  -0.0261886449595  -24188000.0597
8.0  -20.33  -3.75960151194  -0.0318956482899  -0.0242837369488  -22141710.4169
8.0  -19.66  -3.44816764896  -0.0268390420101  -0.0224423776996  -20214472.9662
8.0  -18.99  -3.15455973957  -0.0222141310107  -0.0206628796181  -18402713.1975
8.0  -18.32  -2.87824450407  -0.0180023517577  -0.01894355511  -16702856.6009
8.0  -17.65  -2.61868866275  -0.0141851407173  -0.0172827165816  -15111328.6664
8.0  -16.98  -2.37535893591  -0.0107439343557  -0.0156786764388  -13624554.8839
8.0  -16.31  -2.14772204387  -0.00766016913912  -0.0141297470876  -12238960.7434
8.0  -15.64  -1.93524470691  -0.00491528153364  -0.0126342409341  -10950971.7349
8.0  -14.97  -1.73739364534  -0.00249070800545  -0.0111904703842  -9757013.34835
8.0  -14.3  -1.55363557945  -0.000367885020718  -0.009796747844  -8653511.07377
8.0  -13.63  -1.38343722956  0.00147175095439  -0.00845138571947  -7636890.40113
8.0  -12.96  -1.22626531596  0.0030467634537  -0.00715269641665  -6703576.82041
8.0  -12.29  -1.08158655895  0.00437571601106  -0.00589899234155  -5849995.82158
8.0  -11.62  -0.948867678834  0.0054771721603  -0.00468858590018  -5072572.89463
8.0  -10.95  -0.82757539591  0.00636969543526  -0.00351978949856  -4367733.52955
8.0  -10.28  -0.717176430479  0.00707184936976  -0.0023909155427  -3731903.2163
8.0  -9.61  -0.617137502842  0.00760219749764  -0.00130027643862  -3161507.44489
8.0  -8.94  -0.526925333301  0.00797930335275  -0.000246184592327  -2652971.70527
8.0  -8.27  -0.446006642155  0.0082217304689  0.000773047590155  -2202721.48745
8.0  -7.6  -0.373848149707  0.00834804237994  0.00175910770282  -1807182.28139
8.0  -6.93  -0.309916576255  0.00837680261971  0.00271368333964  -1462779.57708
8.0  -6.26  -0.253678642102  0.00832657472202  0.00363846209461  -1165938.86451
8.0  -5.59  -0.204601067548  0.00821592222073  0.00453513156171  -913085.633641
8.0  -4.92  -0.162150572894  0.00806340864967  0.00540537933493  -700645.37447
8.0  -4.25  -0.125793878439  0.00788759754266  0.00625089300825  -525043.576975
8.0  -3.58  -0.0949977044865  0.00770705243355  0.00707336017566  -382705.731136
8.0  -2.91  -0.0692287713356  0.00754033685617  0.00787446843114  -270057.326936
8.0  -2.24  -0.0479537992873  0.00740601434435  0.00865590536868  -183523.854354
8.0  -1.57  -0.0306395086425  0.00732264843193  0.00941935858226  -119530.803374
8.0  -0.9  -0.0167526197019  0.00730880265275  0.0101665156659  -74503.6639755
8.0  -0.23  -0.00575985276622  0.00738304054062  0.0108990642135  -44867.9261408
8.0  0.44  0.00287207186376  0.00756392562941  0.0116186918191  -27049.079851
8.0  1.11  0.00967643388728  0.00787002145292  0.0123270860767  -17472.6150875
8.0  1.78  0.0151865130036  0.00831989154501  0.0130259345803  -12564.0218319
8.0  2.45  0.019935588912  0.00893209943951  0.0137169249238  -8752.89470089
8.0  3.12  0.0244569413116  0.00972520867024  0.0144017447012  -3619.43839805
8.0  3.79  0.0292838499019  0.0107177827711  0.0150820815066  3670.87514645
8.0  4.46  0.0349495943819  0.0119283852758  0.0157596229339  12947.7805298
8.0  5.13  0.0419874544509  0.0133755797182  0.0164360565771  16504.414609
8.0  5.8  0.0509307098082  0.0150779296323  0.0171130700301  5486.51816949
8.0  6.47  0.0623126401531  0.0170539985517  0.017792350887  -28960.1680032
8.0  7.14  0.0766665251847  0.0193223500104  0.0184755867418  -95689.9031234
8.0  7.81  0.0945256446024  0.0219015475422  0.0191644651884  -203556.946406
8.0  8.48  0.116423278105  0.0248101546809  0.0198606738208  -361415.557064
8.0  9.15  0.142892705393  0.0280667349604  0.020565900233  -578119.994314
8.0  9.82  0.174467206164  0.0316898519144  0.021281832019  -862524.517369
8.0  10.49  0.211680060118  0.0356980690769  0.0220101567728  -1223483.38544
8.0  11.16  0.255064546955  0.0401099499816  0.0227525620883  -1669850.85775
8.0  11.83  0.305153946373  0.0449440581624  0.0235107355595  -2210481.19351
8.0  12.5  0.362481538072  0.0502189571531  0.0242863647805  -2854228.65193
8.0  13.17  0.427580601751  0.0559532104876  0.0250811373452  -3609947.49223
8.0  13.84  0.500984417109  0.0621653816997  0.0258967408476  -4486491.97362
8.0  14.51  0.583226263845  0.0688740343232  0.0267348628817  -5492716.35532
8.0  15.18  0.67483942166  0.076097731892  0.0275971910415  -6637474.89654
8.0  15.85  0.776357170251  0.0838550379398  0.0284854129208  -7929621.85649
8.0  16.52  0.888312789319  0.0921645160006  0.0294012161139  -9378011.49439
8.0  17.19  1.01123955856  0.101044729608  0.0303462882145  -10991498.0695
8.0  17.86  1.14567075768  0.110514242296  0.0313223168168  -12778935.8409
8.0  18.53  1.29213966637  0.120591617599  0.0323309895146  -14749179.0679
8.0  19.2  1.45117956434  0.13129541905  0.0333739939021  -16911082.0098
8.0  19.87  1.62332373127  0.142644210183  0.0344530175731  -19273498.9257
8.0  20.54  1.80910544688  0.154656554532  0.0355697481216  -21845284.0748
8.0  21.21  2.00905799086  0.16735101563  0.0367258731417  -24635291.7163
8.0  21.88  2.22371464292  0.180746157013  0.0379230802272  -27652376.1096
8.0  22.55  2.45360868274  0.194860542213  0.0391630569723  -30905391.5137
8.0  23.22  2.69927339002  0.209712734764  0.0404474909709  -34403192.1878
8.0  23.89  2.96124204448  0.2253212982  0.0417780698169  -38154632.3914
8.0  24.56  3.24004792581  0.241704796055  0.0431564811044  -42168566.3834
10.0  -21.0  -4.33265954855  -0.07538860576  -0.354862202608  31036168.7337
10.0  -20.33  -3.98274184818  -0.0665619315077  -0.326620006749  28359443.0051
10.0  -19.66  -3.65232723633  -0.058392905044  -0.29989383101  25840813.6745
10.0  -18.99  -3.34084868142  -0.0508562124591  -0.274641485542  23475479.3117
10.0  -18.32  -3.04773915188  -0.0439265398433  -0.250820780495  21258638.4867
10.0  -17.65  -2.77243161612  -0.0375785732867  -0.228389526019  19185489.7696
10.0  -16.98  -2.51435904257  -0.0317869988796  -0.207305532265  17251231.7303
10.0  -16.31  -2.27295439964  -0.0265265027123  -0.187526609383  15451062.9387
10.0  -15.64  -2.04765065576  -0.0217717708749  -0.169010567523  13780181.9648
10.0  -14.97  -1.83788077936  -0.0174974894576  -0.151715216836  12233787.3786
10.0  -14.3  -1.64307773884  -0.0136783445508  -0.135598367472  10807077.75
10.0  -13.63  -1.46267450263  -0.0102890222446  -0.120617829582  9495251.64911
10.0  -12.96  -1.29610403915  -0.0073042086292  -0.106731413316  8293507.64577
10.0  -12.29  -1.14279931683  -0.0046985897949  -0.0938969288241  7197044.30998
10.0  -11.62  -1.00219330408  -0.00244685183189  -0.0820721862569  6201060.21172
10.0  -10.95  -0.873718969328  -0.000523680830417  -0.0712149957647  5300753.92095
10.0  -10.28  -0.756809280992  0.00109623711931  -0.061283167498  4491324.00764
10.0  -9.61  -0.650897207492  0.00243821592707  -0.0522345116071  3767969.04176
10.0  -8.94  -0.555415717251  0.00352756950262  -0.0440268382424  3125887.59328
10.0  -8.27  -0.469797778689  0.00438961175575  -0.0366179575543  2560278.23216
10.0  -7.6  -0.393476360228  0.00504965659622  -0.0299656796931  2066339.52838
10.0  -6.93  -0.325884430288  0.00553301793382  -0.0240278148093  1639270.0519
10.0  -6.26  -0.266454957291  0.00586500967832  -0.0187621730531  1274268.37268
10.0  -5.59  -0.214620909658  0.00607094573949  -0.014126564575  966533.060708
10.0  -4.92  -0.169815255809  0.0061761400271  -0.0100787995254  711262.685939
10.0  -4.25  -0.131470964167  0.00620590645093  -0.00657668805457  503655.818344
10.0  -3.58  -0.0990210031505  0.00618555892076  -0.00357804031296  338911.027891
10.0  -2.91  -0.0718983411824  0.00614041134636  -0.00104066645093  212226.884549
10.0  -2.24  -0.0495359466831  0.0060957776375  0.00107762338115  118801.958285
10.0  -1.57  -0.0313667880739  0.00607697170397  0.0028190190329  53834.8190689
10.0  -0.9  -0.0168238337756  0.00610930745552  0.00422571035394  12524.0368672
10.0  -0.23  -0.0053400522095  0.00621809880194  0.00533988719391  -9931.81835124
10.0  0.44  0.00365158820351  0.006428659653  0.00620373940241  -18334.1766184
10.0  1.11  0.0107181190423  0.00676630391848  0.00685945682909  -17484.4679661
10.0  1.78  0.0164265718859  0.00725634550815  0.00734922932355  -12184.1224261
10.0  2.45  0.0213439783132  0.00792409833178  0.00771524673543  -7219.94071668
10.0  3.12  0.0260373699031  0.00879487629916  0.00799969891435  -3275.83072308
10.0  3.79  0.0310737782347  0.00989399332004  0.00824477570993  5130.79701206
10.0  4.46  0.0370202348868  0.0112467633042  0.0084926669718  14732.1362135
10.0  5.13  0.0444437714383  0.0128785001615  0.00878556254957  16970.0442959
10.0  5.8  0.0539114194684  0.0148145178015  0.00916565229289  2697.76409726
10.0  6.47  0.0659902105558  0.0170801301342  0.00967512605136  -37231.4615442
10.0  7.14  0.0812471762795  0.0197006510693  0.0103561736746  -111964.38979
10.0  7.81  0.100249348219  0.0227013945165  0.0112509850123  -230647.777803
10.0  8.48  0.123563757952  0.0261076743857  0.012401749914  -402428.382745
10.0  9.15  0.151757437058  0.0299448045866  0.0138506582293  -636452.961776
10.0  9.82  0.185397417117  0.0342380990289  0.015639899808  -941868.27206
10.0  10.49  0.225050729706  0.0390128716225  0.0178116644995  -1327821.07076
10.0  11.16  0.271284406406  0.0442944362772  0.0204081421536  -1803458.11503
10.0  11.83  0.324665478795  0.0501081069027  0.0234715226198  -2377926.16204
10.0  12.5  0.385760978451  0.0564791974087  0.0270439957478  -3060371.96895
10.0  13.17  0.455137936955  0.0634330217051  0.0311677513872  -3859942.29293
10.0  13.84  0.533363385884  0.0709948937016  0.0358849793876  -4785783.89112
10.0  14.51  0.621004356818  0.079190127308  0.0412378695986  -5847043.52071
10.0  15.18  0.718627881336  0.0880440364342  0.04726861187  -7052867.93883
10.0  15.85  0.826800991016  0.0975819349897  0.0540193960512  -8412403.90267
10.0  16.52  0.946090717438  0.107829136885  0.061532411992  -9934798.16938
10.0  17.19  1.07706409218  0.118810956028  0.0698498495419  -11629197.4961
10.0  17.86  1.22028814682  0.130552706331  0.0790138985505  -13504748.6401
10.0  18.53  1.37632991294  0.143079701702  0.0890667488676  -15570598.3584
10.0  19.2  1.54575642212  0.156417256051  0.100050590343  -17835893.4082
10.0  19.87  1.72913470593  0.170590683289  0.112007612825  -20309780.5467
10.0  20.54  1.92703179596  0.185625297324  0.124980006165  -23001406.531
10.0  21.21  2.14001472379  0.201546412067  0.139009960212  -25919918.1183
10.0  21.88  2.36865052098  0.218379341428  0.154139664816  -29074462.0658
10.0  22.55  2.61350621913  0.236149399316  0.170411309825  -32474185.1307
10.0  23.22  2.87514884981  0.25488189964  0.18786708509  -36128234.07
10.0  23.89  3.1541454446  0.274602156312  0.206549180461  -40045755.641
10.0  24.56  3.45106303508  0.29533548324  0.226499785787  -44235896.6007
12.0  -21.0  -3.53787604459  0.0121951384629  0.208945459427  18436238.3663
12.0  -20.33  -3.25589065056  0.0136747872898  0.19136893469  16829086.3421
12.0  -19.66  -2.98946445043  0.0149115269645  0.17481354974  15317673.8067
12.0  -18.99  -2.73814685661  0.0159188582388  0.159248927886  13899074.5882
12.0  -18.32  -2.5014872815  0.0167102818646  0.144644692436  12570362.5145
12.0  -17.65  -2.27903513752  0.0172992985939  0.130970466699  11328611.4135
12.0  -16.98  -2.07033983707  0.0176994091785  0.118195873982  10170895.1133
12.0  -16.31  -1.87495079256  0.0179241143702  0.106290537595  9094287.44176
12.0  -15.64  -1.69241741638  0.017986914921  0.0952240808444  8095862.22691
12.0  -14.97  -1.52228912095  0.0179013115827  0.0849661270395  7172693.2967
12.0  -14.3  -1.36411531868  0.0176808051072  0.0754862994883  6321854.4791
12.0  -13.63  -1.21744542196  0.0173388962464  0.0667542214992  5540419.60209
12.0  -12.96  -1.08182884321  0.0168890857521  0.0587395163804  4825462.49362
12.0  -12.29  -0.956814994831  0.0163448743764  0.0514118074403  4174056.98168
12.0  -11.62  -0.841953289229  0.0157197628709  0.0447407179869  3583276.89422
12.0  -10.95  -0.736793138809  0.0150272519877  0.0386958713287  3050196.05923
12.0  -10.28  -0.640883955978  0.0142808424785  0.0332468907739  2571888.30466
12.0  -9.61  -0.553775153142  0.0134940350953  0.0283633996308  2145427.45849
12.0  -8.94  -0.475016142708  0.01268033059  0.0240150212076  1767887.34869
12.0  -8.27  -0.404156337081  0.0118532297143  0.0201713788126  1436341.80323
12.0  -7.6  -0.340745148666  0.0110262332203  0.0168020957541  1147864.65007
12.0  -6.93  -0.284331989871  0.0102128418598  0.0138767953403  899529.717184
12.0  -6.26  -0.234466273102  0.00942655638463  0.0113651008796  688410.832547
12.0  -5.59  -0.190697410763  0.00868087754671  0.00923663568015  511581.824125
12.0  -4.92  -0.152574815262  0.00798930609792  0.00746102305028  366116.519887
12.0  -4.25  -0.119647899004  0.00736534279013  0.00600788629824  249088.747803
12.0  -3.58  -0.0914660743949  0.00682248837522  0.00484684873231  157572.335843
12.0  -2.91  -0.0675787538413  0.00637424360508  0.00394753366076  88641.1119755
12.0  -2.24  -0.047535349749  0.00603410923158  0.00327956439185  39368.9041703
12.0  -1.57  -0.030885274524  0.00581558600661  0.00281256423386  6829.54039699
12.0  -0.9  -0.0171779405723  0.00573217468203  0.00251615649506  -11903.151375
12.0  -0.23  -0.00596276029999  0.00579737600974  0.00235996448372  -19755.3431761
12.0  0.44  0.00321085388701  0.00602469074162  0.00231361150811  -19653.207037
12.0  1.11  0.0107934895827  0.00642761962953  0.00234672087649  -14522.914988
12.0  1.78  0.0172357343809  0.00701966342537  0.00242891589715  -7290.63905982
12.0  2.45  0.0229881758758  0.007814322881  0.00252981987836  -870.372374033
12.0  3.12  0.0285014016613  0.00882509874832  0.00261905612837  5234.92593065
12.0  3.79  0.0342259993313  0.0100654917792  0.00266624795547  15360.5742568
12.0  4.46  0.0406125564799  0.0115490027255  0.00264101866792  25167.1971389
12.0  5.13  0.0481116607011  0.0132891323392  0.00251299157399  29463.6478008
12.0  5.8  0.0571738995888  0.015299381372  0.00225178998196  23146.9619864
12.0  6.47  0.068249860737  0.0175932505759  0.0018270372001  1114.17543968
12.0  7.14  0.0817901317397  0.0201842407028  0.00120835653668  -41737.6760955
12.0  7.81  0.0982453001909  0.0230858525045  0.000365371299956  -110511.556875
12.0  8.48  0.118065953685  0.026311586733  -0.000732295201785  -210310.431155
12.0  9.15  0.141702679815  0.02987494414  -0.00211501966028  -346237.263192
12.0  9.82  0.169606066175  0.0337894254775  -0.00381317876725  -523395.017241
12.0  10.49  0.20222670036  0.0380685314974  -0.00585714921443  -746886.657559
12.0  11.16  0.240015169964  0.0427257629515  -0.00827730769356  -1021815.1484
12.0  11.83  0.28342206258  0.0477746205917  -0.0111040308963  -1353283.45402
12.0  12.5  0.332897965802  0.0532286051699  -0.0143676955145  -1746394.53868
12.0  13.17  0.388893467224  0.059101217438  -0.0180986782399  -2206251.36664
12.0  13.84  0.451859154441  0.0654059581479  -0.022327355764  -2737956.90214
12.0  14.51  0.522245615047  0.0721563280514  -0.0270841047788  -3346614.10945
12.0  15.18  0.600503436634  0.0793658279004  -0.0323993019759  -4037325.95281
12.0  15.85  0.687083206798  0.0870479584468  -0.038303324047  -4815195.3965
12.0  16.52  0.782435513132  0.0952162204425  -0.0448265476839  -5685325.40476
12.0  17.19  0.887010943231  0.103884114639  -0.0519993495783  -6652818.94184
12.0  17.86  1.00126008469  0.113065141789  -0.0598521064219  -7722778.97201
12.0  18.53  1.1256335251  0.122772802644  -0.0684151949065  -8900308.45953
12.0  19.2  1.26058185205  0.133020597956  -0.0777189917238  -10190510.3686
12.0  19.87  1.40655565315  0.143822028476  -0.0877938735655  -11598487.6636
12.0  20.54  1.56400551598  0.155190594957  -0.0986702171233  -13129343.3087
12.0  21.21  1.73338202813  0.16713979815  -0.110378399089  -14788180.2681
12.0  21.88  1.91513577721  0.179683138807  -0.122948796154  -16580101.5062
12.0  22.55  2.10971735081  0.192834117681  -0.136411785011  -18510209.9871
12.0  23.22  2.31757733652  0.206606235523  -0.150797742351  -20583608.6752
12.0  23.89  2.53916632193  0.221012993085  -0.166137044865  -22805400.5346
12.0  24.56  2.77493489464  0.236067891118  -0.182460069246  -25180688.5297
14.0  -21.0  -0.662569573769  0.385385752551  2.11897083394  -195730473.672
14.0  -20.33  -0.625611805342  0.355122310306  1.94892045292  -179042049.523
14.0  -19.66  -0.58999952195  0.326451042433  1.78816981553  -163330506.138
14.0  -18.99  -0.555702346899  0.299331446677  1.63645903231  -148566372.255
14.0  -18.32  -0.5226899035  0.273723020781  1.49352821377  -134720176.614
14.0  -17.65  -0.490931815059  0.249585262491  1.35911747045  -121762447.956
14.0  -16.98  -0.460397704885  0.22687766955  1.23296691286  -109663715.018
14.0  -16.31  -0.431057196286  0.205559739702  1.11481665155  -98394506.541
14.0  -15.64  -0.402879912572  0.185590970693  1.00440679702  -87925351.2643
14.0  -14.97  -0.375835477049  0.166930860267  0.901477459817  -78226777.9273
14.0  -14.3  -0.349893513026  0.149538906167  0.805768750456  -69269315.2696
14.0  -13.63  -0.325023643812  0.133374606139  0.717020779467  -61023492.0307
14.0  -12.96  -0.301195492714  0.118397457926  0.634973657376  -53459836.95
14.0  -12.29  -0.278378683042  0.104566959274  0.559367494709  -46548878.7671
14.0  -11.62  -0.256542838102  0.0918426079257  0.489942401992  -40261146.2215
14.0  -10.95  -0.235657581205  0.0801839016263  0.426438489753  -34567168.0526
14.0  -10.28  -0.215692535657  0.06955033812  0.368595868516  -29437473.0001
14.0  -9.61  -0.196617324767  0.0599014151511  0.316154648809  -24842589.8034
14.0  -8.94  -0.178401571844  0.0511966304641  0.268854941157  -20753047.2019
14.0  -8.27  -0.161014900195  0.0433954818033  0.226436856088  -17139373.9353
14.0  -7.6  -0.144426933129  0.036457466913  0.188640504127  -13972098.7431
14.0  -6.93  -0.128607293954  0.0303420835376  0.1552059958  -11221750.3646
14.0  -6.26  -0.113525605978  0.0250088294214  0.125873441635  -8858857.53954
14.0  -5.59  -0.0991514925107  0.0204172023089  0.100382952157  -6853949.0073
14.0  -4.92  -0.085454576859  0.0165266999444  0.0784746378925  -5177553.50742
14.0  -4.25  -0.0724044823316  0.0132968200723  0.059888609368  -3800199.77941
14.0  -3.58  -0.0599708322366  0.0106870604368  0.0443649771098  -2692416.56277
14.0  -2.91  -0.0481232498824  0.00865691878246  0.0316438516441  -1824732.59702
14.0  -2.24  -0.0368313585773  0.00716589285352  0.0214653434973  -1167676.62166
14.0  -1.57  -0.0260647816295  0.00617348039437  0.0135695631958  -691777.376194
14.0  -0.9  -0.0157931423473  0.00563917914938  0.00769662126571  -367563.600137
14.0  -0.23  -0.00598606403899  0.00552248686291  0.00358662823351  -165564.032994
14.0  0.44  0.0033868299872  0.00578290127931  0.00097969462546  -56307.4142736
14.0  1.11  0.012355916423  0.00637992014295  -0.000384069032119  -10322.4834832
14.0  1.78  0.0209515719601  0.00727304119819  -0.00076455221291  1862.01986914
14.0  2.45  0.0292041732902  0.00842176218939  -0.000421644390599  9660.25470668
14.0  3.12  0.0371440971052  0.00978558086091  0.00038476496113  26459.3784467
14.0  3.79  0.0448017200966  0.0113239949571  0.00139478636859  38039.3679415
14.0  4.46  0.0522074189563  0.0129965022224  0.00234853035811  47560.3046784
14.0  5.13  0.0593915703759  0.014762600401  0.00298610745598  57578.6693224
14.0  5.8  0.0663845510473  0.0165817872374  0.00304762818854  70048.2492306
14.0  6.47  0.073216737662  0.018413560476  0.0022732030821  86922.8317598
14.0  7.14  0.079918506912  0.020217417861  0.000402942662972  110156.204267
14.0  7.81  0.0865202354888  0.0219528571368  -0.00282304254253  141702.15411
14.0  8.48  0.0930523000842  0.0235793760479  -0.00766464200809  183514.468644
14.0  9.15  0.09954507739  0.0250564723386  -0.0143817452074  237546.935227
14.0  9.82  0.106028944098  0.0263436437531  -0.0232342416141  305753.341217
14.0  10.49  0.112534276899  0.027400388036  -0.0344820207019  390087.473969
14.0  11.16  0.119091452487  0.0281862029315  -0.0483849719446  492503.120842
14.0  11.83  0.125730847551  0.0286605861841  -0.0652029848156  614954.069191
14.0  12.5  0.132482838784  0.028783035538  -0.0851959487889  759394.106375
14.0  13.17  0.139377802879  0.0285130487376  -0.108623753338  927777.019749
14.0  13.84  0.146446116525  0.0278101235273  -0.135746287937  1122056.59667
14.0  14.51  0.153718156416  0.0266337576515  -0.166823442058  1344186.6245
14.0  15.18  0.161224299243  0.0249434488545  -0.202115105177  1596120.89059
14.0  15.85  0.168994921697  0.0226986948807  -0.241881166767  1879813.1823
14.0  16.52  0.177060400471  0.0198589934744  -0.2863815163  2197217.28698
14.0  17.19  0.185451112255  0.0163838423801  -0.335876043252  2550286.992
14.0  17.86  0.194197433743  0.0122327393419  -0.390624637095  2940976.0847
14.0  18.53  0.203329741625  0.00736518210444  -0.450887187303  3371238.35246
14.0  19.2  0.212878412594  0.00174066841193  -0.516923583351  3843027.58261
14.0  19.87  0.22287382334  -0.00468130399124  -0.588993714711  4358297.56253
14.0  20.54  0.233346350556  -0.0119412373607  -0.667357470858  4919002.07957
14.0  21.21  0.244326370934  -0.0200796339521  -0.752274741264  5527094.92108
14.0  21.88  0.255844261165  -0.0291369960211  -0.844005415405  6184529.87442
14.0  22.55  0.26793039794  -0.0391538258233  -0.942809382752  6893260.72695
14.0  23.22  0.280615157953  -0.0501706256143  -1.04894653278  7655241.26602
14.0  23.89  0.293928917894  -0.0622278976499  -1.16267675496  8472425.279
14.0  24.56  0.307902054455  -0.0753661441855  -1.28425993878  9346766.55324
16.0  -21.0  5.33573438649  1.20422026977  5.82895041372  -745624036.255
16.0  -20.33  4.86153080121  1.10408843975  5.36527191348  -681944856.065
16.0  -19.66  4.41564731842  1.00960242978  4.92666501735  -621998300.905
16.0  -18.99  3.99723676593  0.920601918449  4.51243949936  -565671645.247
16.0  -18.32  3.60545197158  0.836926584322  4.1219051336  -512852163.559
16.0  -17.65  3.23944576318  0.75841610597  3.7543716941  -463427130.313
16.0  -16.98  2.89837096854  0.684910161965  3.40914895494  -417283819.977
16.0  -16.31  2.5813804155  0.616248430878  3.08554669018  -374309507.022
16.0  -15.64  2.28762693186  0.552270591281  2.78287467386  -334391465.917
16.0  -14.97  2.01626334544  0.492816321746  2.50044268007  -297416971.133
16.0  -14.3  1.76644248408  0.437725300844  2.23756048285  -263273297.139
16.0  -13.63  1.53731717558  0.386837207145  1.99353785626  -231847718.405
16.0  -12.96  1.32804024776  0.339991719222  1.76768457437  -203027509.402
16.0  -12.29  1.13776452845  0.297028515647  1.55931041124  -176699944.598
16.0  -11.62  0.965642845469  0.25778727499  1.36772514092  -152752298.465
16.0  -10.95  0.810828026629  0.222107675822  1.19223853748  -131071845.471
16.0  -10.28  0.672472899753  0.189829396717  1.03216037497  -111545860.088
16.0  -9.61  0.54973029266  0.160792116243  0.886800427461  -94061616.7839
16.0  -8.94  0.441753033171  0.134835512974  0.755468469006  -78506390.0296
16.0  -8.27  0.347693949104  0.111799265481  0.637474273669  -64767454.2949
16.0  -7.6  0.266705868279  0.0915230523348  0.532127615507  -52732084.0496
16.0  -6.93  0.197941618515  0.0738465521071  0.438738268583  -42287553.7637
16.0  -6.26  0.140554027633  0.0586094433692  0.356616006956  -33321137.9071
16.0  -5.59  0.0936959234516  0.0456514046927  0.285070604685  -25720110.9497
16.0  -4.92  0.0565201337904  0.034812114649  0.223411835832  -19371747.3614
16.0  -4.25  0.0281794864691  0.0259312518094  0.170949474456  -14163321.612
16.0  -3.58  0.00782680930711  0.0188484947455  0.126993294618  -9982108.17164
16.0  -2.91  -0.00538506987592  0.0134035220286  0.090853070377  -6715381.51006
16.0  -2.24  -0.0123033232605  0.00943601223024  0.0618385757941  -4250416.09721
16.0  -1.57  -0.013775123027  0.00678564392178  0.0392595849292  -2474486.40301
16.0  -0.9  -0.010647641356  0.00529209567465  0.0224258718424  -1274866.89736
16.0  -0.23  -0.00376805042781  0.0047950460603  0.0106472105939  -538832.050175
16.0  0.44  0.00601647757703  0.00513417365015  0.00323337524376  -153656.331362
16.0  1.11  0.0178587704781  0.00614915701562  -0.000505860147793  -6614.21083206
16.0  1.78  0.0309116560949  0.00767967472815  -0.00126072152063  15019.8415063
16.0  2.45  0.0443279622471  0.00956540535917  0.000278565185406  23732.3288331
16.0  3.12  0.0572605167541  0.0116460274801  0.00342177403046  64950.3740089
16.0  3.79  0.0688621474355  0.0137612196624  0.00747867907467  76840.8540204
16.0  4.46  0.0782856821109  0.0157506604774  0.0117590543782  85222.7775841
16.0  5.13  0.0846839485998  0.0174540284966  0.0155726740012  104901.947559
16.0  5.8  0.0872097747218  0.0187110022915  0.0182293120038  146522.038599
16.0  6.47  0.0850159882964  0.0193612604334  0.0190387424462  220726.72536
16.0  7.14  0.0772554171431  0.0192444814938  0.0173107393885  338159.682496
16.0  7.81  0.0630808890815  0.0182003440442  0.0123550768909  509464.584661
16.0  8.48  0.0416452319313  0.0160685266558  0.00348152901351  745285.10651
16.0  9.15  0.0121012735118  0.0126887079003  -0.0100001301835  1056264.9227
16.0  9.82  -0.0263981583574  0.00790056634889  -0.02878012664  1453047.70788
16.0  10.49  -0.0747002358566  0.00154378057315  -0.0535486862959  1946277.13671
16.0  11.16  -0.133652131166  -0.00654197085554  -0.0849960350909  2546596.88384
16.0  11.83  -0.204101016467  -0.0165170093657  -0.123812398965  3264650.62394
16.0  12.5  -0.286894063939  -0.028541656386  -0.170688003858  4111082.03164
16.0  13.17  -0.382878445763  -0.042776233345  -0.22631307571  5096534.78161
16.0  13.84  -0.49290133412  -0.0593810616711  -0.29137784046  6231652.5485
16.0  14.51  -0.617809901189  -0.0785164627931  -0.366572524048  7527079.00697
16.0  15.18  -0.758451319152  -0.100342758139  -0.452587352415  8993457.83167
16.0  15.85  -0.915672760188  -0.125020269139  -0.5501125515  10641432.6972
16.0  16.52  -1.09032139648  -0.15270931722  -0.659838347243  12481647.2784
16.0  17.19  -1.2832444002  -0.18357022381  -0.782454965584  14524745.2497
16.0  17.86  -1.49528894354  -0.21776331034  -0.918652632463  16781370.2859
16.0  18.53  -1.72730219868  -0.255448898237  -1.06912157382  19262166.0615
16.0  19.2  -1.98013133779  -0.296787308929  -1.23455201559  21977776.2514
16.0  19.87  -2.25462353306  -0.341938863846  -1.41563418372  24938844.53
16.0  20.54  -2.55162595666  -0.391063884416  -1.61305830415  28156014.5721
16.0  21.21  -2.87198578079  -0.444322692068  -1.82751460282  31639930.0524
16.0  21.88  -3.21655017761  -0.501875608229  -2.05969330566  35401234.6454
16.0  22.55  -3.5861663193  -0.563882954329  -2.31028463861  39450572.0258
16.0  23.22  -3.98168137806  -0.630505051797  -2.57997882763  43798585.8683
16.0  23.89  -4.40394252606  -0.70190222206  -2.86946609864  48455919.8476
16.0  24.56  -4.85379693547  -0.778234786548  -3.17943667759  53433217.6383
18.0  -21.0  15.4995103587  2.62873572339  11.7926206916  -1764866698.87
18.0  -20.33  14.1589732828  2.40688097781  10.8596606819  -1614078475.54
18.0  -19.66  12.89705584  2.19774247743  9.97678920617  -1472131898.21
18.0  -18.99  11.7114224001  2.00095063915  9.1426410007  -1338759877.56
18.0  -18.32  10.5997373332  1.8161358799  8.355850802  -1213695324.29
18.0  -17.65  9.55966500909  1.6429286166  7.61505334653  -1096671149.08
18.0  -16.98  8.58886979775  1.48095926615  6.91888337077  -987420262.614
18.0  -16.31  7.68501606911  1.32985824549  6.26597561118  -885675575.592
18.0  -15.64  6.84576819309  1.18925597152  5.65496480423  -791169998.698
18.0  -14.97  6.0687905396  1.05878286117  5.08448568637  -703636442.623
18.0  -14.3  5.35174747858  0.93806933135  4.55317299408  -622807818.054
18.0  -13.63  4.69230337996  0.826745798977  4.05966146383  -548417035.682
18.0  -12.96  4.08812261364  0.724442680969  3.60258583208  -480197006.195
18.0  -12.29  3.53686954957  0.630790394244  3.18058083529  -417880640.281
18.0  -11.62  3.03620855766  0.54541935572  2.79228120993  -361200848.631
18.0  -10.95  2.58380400784  0.467959982313  2.43632169248  -309890541.933
18.0  -10.28  2.17732027003  0.398042690941  2.11133701938  -263682630.876
18.0  -9.61  1.81442171417  0.335297898521  1.81596192712  -222310026.149
18.0  -8.94  1.49277271016  0.27935602197  1.54883115215  -185505638.441
18.0  -8.27  1.21003762795  0.229847478206  1.30857943095  -153002378.441
18.0  -7.6  0.963880837449  0.186402684147  1.09384149998  -124533156.839
18.0  -6.93  0.751966708586  0.148652056708  0.9032520957  -99830884.323
18.0  -6.26  0.571959611287  0.116226012808  0.735445954584  -78628471.5822
18.0  -5.59  0.421523915476  0.0887549693645  0.589057813094  -60658829.3057
18.0  -4.92  0.298323991078  0.0658693432938  0.462722407699  -45654868.1826
18.0  -4.25  0.200024208017  0.0471995515135  0.355074474864  -33349498.9017
18.0  -3.58  0.124288936219  0.0323760109411  0.264748751054  -23475632.1523
18.0  -2.91  0.0687825456081  0.0210291384937  0.190379972737  -15766178.6232
18.0  -2.24  0.0311694061091  0.0127893510887  0.130602876379  -9954049.00355
18.0  -1.57  0.00911388764689  0.00728706564334  0.0840521984448  -5772153.98236
18.0  -0.9  0.000280360146344  0.00415269907494  0.0493626754016  -2953404.24863
18.0  -0.23  0.00233319353226  0.00301666830079  0.0251690437154  -1230710.4914
18.0  0.44  0.0129367577294  0.00350939023819  0.0101060398523  -336983.399693
18.0  1.11  0.0297554226627  0.00526128180441  0.00280840027843  -5133.66252776
18.0  1.78  0.0504535582569  0.00790275991677  0.00191086146002  31928.0310676
18.0  2.45  0.0726955344367  0.0110642414925  0.00604815986321  40711.7924758
18.0  3.12  0.0941457211271  0.014376143449  0.0138550319542  125252.935778
18.0  3.79  0.112468488253  0.0174688827035  0.0239662141991  135444.851294
18.0  4.46  0.125328205739  0.0199728761733  0.0350164430641  141461.775128
18.0  5.13  0.13038924351  0.0215185407757  0.0456404550153  175027.470863
18.0  5.8  0.12531597149  0.021736293428  0.054472986519  255792.366243
18.0  6.47  0.107772759605  0.0202565510475  0.0601487740413  403406.889013
18.0  7.14  0.0754239777798  0.0167097305514  0.0613025540484  637521.466918
18.0  7.81  0.0259339959386  0.0107262488571  0.0565690630064  977786.527703
18.0  8.48  -0.0430328159936  0.00193652288187  0.0445830373814  1443852.49911
18.0  9.15  -0.133812088092  -0.010029030457  0.0239792136398  2055369.80889
18.0  9.82  -0.248739450432  -0.0255399942423  -0.00660767175246  2831988.88478
18.0  10.49  -0.390150533088  -0.0449659515566  -0.0485428823291  3793360.15454
18.0  11.16  -0.560380966136  -0.0686764854826  -0.103191681624  4959134.04589
18.0  11.83  -0.761766379651  -0.0970411791032  -0.171919333171  6348960.9866
18.0  12.5  -0.996642403708  -0.130429615501  -0.256091100504  7982491.4044
18.0  13.17  -1.26734466838  -0.169211377759  -0.357072247157  9879375.72704
18.0  13.84  -1.57620880375  -0.213756048959  -0.476228036663  12059264.3823
18.0  14.51  -1.92557043988  -0.264433212184  -0.614923732556  14541807.7978
18.0  15.18  -2.31776520686  -0.321612450518  -0.774524598371  17346656.4014
18.0  15.85  -2.75512873476  -0.385663347042  -0.956395897641  20493460.6209
18.0  16.52  -3.23999665365  -0.45695548484  -1.1619028939  24001870.8839
18.0  17.19  -3.7747045936  -0.535858446993  -1.39241085068  27891537.6182
18.0  17.86  -4.3615881847  -0.622741816586  -1.64928503152  32182111.2516
18.0  18.53  -5.00298305702  -0.7179751767  -1.93389069995  36893242.2117
18.0  19.2  -5.70122484064  -0.821928110419  -2.2475931195  42044580.9265
18.0  19.87  -6.45864916562  -0.934970200824  -2.59175755371  47655777.8235
18.0  20.54  -7.27759166205  -1.057471031  -2.96774926612  53746483.3305
18.0  21.21  -8.16038795999  -1.18980018403  -3.37693352024  60336347.8753
18.0  21.88  -9.10937368953  -1.33232724299  -3.82067557963  67445021.8856
18.0  22.55  -10.1268844807  -1.48542179097  -4.30034070781  75092155.7892
18.0  23.22  -11.2152559637  -1.64945341105  -4.81729416832  83297400.0138
18.0  23.89  -12.3768237685  -1.82479168631  -5.37290122469  92080404.9872
18.0  24.56  -13.6139235252  -2.01180619984  -5.96852714046  101460821.137
20.0  -21.0  30.8712328656  4.81896914668  20.4637181602  -3386896834.44
20.0  -20.33  28.2201517533  4.40980772671  18.8513241238  -3097473927.9
20.0  -19.66  25.7238058121  4.02424797379  17.325032433  -2825024191.48
20.0  -18.99  23.3776064739  3.66159797437  15.8825142079  -2569034837.93
20.0  -18.32  21.1769651708  3.32116581494  14.5214405691  -2328993080.03
20.0  -17.65  19.1172933346  3.00225958194  13.2394826366  -2104386130.56
20.0  -16.98  17.1940023973  2.70418736185  12.0343115309  -1894701202.28
20.0  -16.31  15.4025037909  2.42625724114  10.9035983723  -1699425507.97
20.0  -15.64  13.7382089473  2.16777730626  9.84501428096  -1518046260.39
20.0  -14.97  12.1965292985  1.9280556437  8.8562303773  -1350050672.32
20.0  -14.3  10.7728762765  1.7064003399  7.93491778158  -1194925956.54
20.0  -13.63  9.46266131308  1.50211948135  7.07874761411  -1052159325.8
20.0  -12.96  8.26129584035  1.31452115449  6.28539099519  -921237992.892
20.0  -12.29  7.16419129022  1.14291344582  5.55251904511  -801649170.579
20.0  -11.62  6.16675909464  0.986604441773  4.87780288419  -692880071.633
20.0  -10.95  5.26441068557  0.844902228834  4.25891363272  -594417908.827
20.0  -10.28  4.45255749496  0.717114893465  3.69352241099  -505749894.933
20.0  -9.61  3.72661095478  0.602550522132  3.17930033932  -426363242.721
20.0  -8.94  3.08198249696  0.500517201301  2.713918538  -355745164.964
20.0  -8.27  2.51408355348  0.410323017438  2.29504812733  -293382874.434
20.0  -7.6  2.01832555627  0.331276057009  1.92036022762  -238763583.901
20.0  -6.93  1.59011993731  0.262684406481  1.58752595916  -191374506.139
20.0  -6.26  1.22487812854  0.20385615232  1.29421644226  -150702853.917
20.0  -5.59  0.918011561916  0.154099380991  1.03810279721  -116235840.01
20.0  -4.92  0.664931669396  0.112722178961  0.816856144324  -87460677.187
20.0  -4.25  0.461049882933  0.0790326326967  0.628147603892  -63864578.221
20.0  -3.58  0.301777634482  0.0523388286635  0.469648296218  -44934755.8835
20.0  -2.91  0.182526356  0.0319488533278  0.339029341603  -30158422.9461
20.0  -2.24  0.098707479439  0.0171707931558  0.233961860348  -19022792.1806
20.0  -1.57  0.0457324367556  0.00731273461356  0.152116972753  -11015076.3587
20.0  -0.9  0.0190126599043  0.00168276416733  0.0911657991199  -5622488.25208
20.0  -0.23  0.0139595808399  -0.000411031716752  0.0487794597487  -2332240.63252
20.0  0.44  0.0259846315174  0.000339433427485  0.0226290749403  -631546.271707
20.0  1.11  0.0504992438916  0.0032422460662  0.0103857649955  -7617.94137063
20.0  1.78  0.0829148499174  0.00760549266557  0.00972065021504  52331.5867757
20.0  2.45  0.11864288155  0.0127372596918  0.0183048508997  59966.3929781
20.0  3.12  0.153094770744  0.0179456336109  0.0338094873501  211909.352767
20.0  3.79  0.181681949454  0.0225387008892  0.0539056798672  217533.542712
20.0  4.46  0.199815849635  0.0258245479928  0.0762645487516  219582.730128
20.0  5.13  0.202907903242  0.0271112613879  0.098557214304  271552.096239
20.0  5.8  0.18636954223  0.0257069275406  0.118454796825  401123.884962
20.0  6.47  0.145612198554  0.0209196329172  0.133628416616  635980.340216
20.0  7.14  0.0760473041689  0.0120574639837  0.141749193978  1003803.70592
20.0  7.81  -0.0269137089707  -0.00157149279367  0.14048824921  1532276.22599
20.0  8.48  -0.16785940891  -0.0206591509487  0.127516702614  2249080.14434
20.0  9.15  -0.351378363694  -0.0458974240153  0.100505674491  3181897.70489
20.0  9.82  -0.582059141367  -0.0779782255273  0.0571262851412  4358411.15157
20.0  10.49  -0.864490309976  -0.117593469018  -0.00495034513454  5806302.72828
20.0  11.16  -1.20326043756  -0.165435068023  -0.0880530960354  7553254.67895
20.0  11.83  -1.60295809218  -0.222194936074  -0.194510847261  9626949.24749
20.0  12.5  -2.06817184186  -0.288564986705  -0.326652478509  12055068.6778
20.0  13.17  -2.60349025466  -0.365237133452  -0.486806869481  14865295.2139
20.0  13.84  -3.21350189862  -0.452903289846  -0.677302899875  18085311.0995
20.0  14.51  -3.90279534178  -0.552255369423  -0.90046944939  21742798.5787
20.0  15.18  -4.6759591522  -0.663985285716  -1.15863539773  25865439.8954
20.0  15.85  -5.53758189791  -0.788784952259  -1.45412962458  30480917.2935
20.0  16.52  -6.49225214696  -0.927346282586  -1.78928100966  35616913.0168
20.0  17.19  -7.5445584674  -1.08036119023  -2.16641843265  41301109.3094
20.0  17.86  -8.69908942727  -1.24852158873  -2.58787077326  47561188.4151
20.0  18.53  -9.96043359461  -1.43251939161  -3.05596691119  54424832.5778
20.0  19.2  -11.3331795375  -1.63304651241  -3.57303572613  61919724.0416
20.0  19.87  -12.8219158239  -1.85079486466  -4.14140609779  70073545.0502
20.0  20.54  -14.431231022  -2.0864563619  -4.76340690587  78913977.8476
20.0  21.21  -16.1657136997  -2.34072291766  -5.44136703005  88468704.6777
20.0  21.88  -18.0299524251  -2.61428644547  -6.17761535005  98765407.7845
20.0  22.55  -20.0285357662  -2.90783885887  -6.97448074557  109831769.412
20.0  23.22  -22.1660522912  -3.2220720714  -7.83429209629  121695471.804
20.0  23.89  -24.4470905679  -3.55767799658  -8.75937828193  134384197.204
20.0  24.56  -26.8762391646  -3.91534854795  -9.75206818217  147925627.856
22.0  -21.0  52.4933764295  7.93495757289  32.2959793126  -5745755930.04
22.0  -20.33  47.9985023262  7.25917648864  29.7594996047  -5254713683.74
22.0  -19.66  43.7654770039  6.62249570728  27.3578847487  -4792470898.03
22.0  -18.99  39.7865409055  6.02376428971  25.0875097928  -4358157437.07
22.0  -18.32  36.0539344737  5.46183129684  22.9447497849  -3950903165.01
22.0  -17.65  32.5598981515  4.93554578956  20.9259797732  -3569837946.0
22.0  -16.98  29.2966723817  4.44375682878  19.027574806  -3214091644.18
22.0  -16.31  26.2564976072  3.98531347541  17.2459099311  -2882794123.71
22.0  -15.64  23.4316142707  3.55906479033  15.5773601969  -2575075248.74
22.0  -14.97  20.8142628153  3.16385983447  14.0183006514  -2290064883.41
22.0  -14.3  18.3966836836  2.79854766871  12.5651063428  -2026892891.88
22.0  -13.63  16.1711173187  2.46197735396  11.214152319  -1784689138.3
22.0  -12.96  14.1298041633  2.15299795113  9.96181362841  -1562583486.81
22.0  -12.29  12.2649846603  1.87045852111  8.80446531897  -1359705801.57
22.0  -11.62  10.5688992526  1.61320812481  7.73848243885  -1175185946.72
22.0  -10.95  9.03378838296  1.38009582312  6.76024003617  -1008153786.42
22.0  -10.28  7.65189249432  1.16997067696  5.86611315905  -857739184.812
22.0  -9.61  6.41545202952  0.981681747226  5.0524768556  -723072006.051
22.0  -8.94  5.3167074314  0.814078094816  4.31570617395  -603282114.285
22.0  -8.27  4.34789914282  0.666008780634  3.65217616221  -497499373.664
22.0  -7.6  3.50126760665  0.536322865583  3.05826186852  -404853648.338
22.0  -6.93  2.76905326574  0.423869410565  2.53033834099  -324474802.456
22.0  -6.26  2.14349656294  0.327497476483  2.06478062773  -255492700.169
22.0  -5.59  1.61683794112  0.246056124238  1.65796377688  -197037205.625
22.0  -4.92  1.18131784313  0.178394414734  1.30626283654  -148238182.976
22.0  -4.25  0.829176711834  0.123361408871  1.00605285484  -108225496.37
22.0  -3.58  0.55265499008  0.0798061675527  0.753708879907  -76129009.9577
22.0  -2.91  0.343993120728  0.0465777516811  0.545605959852  -51078587.889
22.0  -2.24  0.195431546637  0.0225252221585  0.378119142798  -32204094.3135
22.0  -1.57  0.0992107106625  0.00649763988697  0.247623476865  -18635393.3811
22.0  -0.9  0.0475710556624  -0.00265593423109  0.150494010174  -9502349.24154
22.0  -0.23  0.0327530244938  -0.00608643929346  0.0831057908443  -3934826.04475
22.0  0.44  0.0469970600138  -0.00494481439789  0.0418338669971  -1062687.9405
22.0  1.11  0.0825436050795  -0.000381998642131  0.0230532867524  -15799.0786357
22.0  1.78  0.131633102548  0.00645106887608  0.0231390982305  75976.3910281
22.0  2.45  0.186505995277  0.014403449059  0.0384663495516  80857.6796219
22.0  3.12  0.239402726122  0.0223242028089  0.0654100888361  329470.668955
22.0  3.79  0.282563737942  0.029062391028  0.100345364204  326782.139475
22.0  4.46  0.308229473594  0.0334670746186  0.139647223776  322895.879417
22.0  5.13  0.308640375934  0.0343873144829  0.179690715673  398064.475421
22.0  5.8  0.27603688782  0.0306721715232  0.216850888014  585662.960958
22.0  6.47  0.202659452108  0.0211707066417  0.24750278892  919066.369498
22.0  7.14  0.0807485116571  0.0047319807407  0.268021466511  1431649.73451
22.0  7.81  -0.097455490677  -0.0197949452775  0.274781968908  2156788.08947
22.0  8.48  -0.339712112037  -0.0535610105107  0.26415934423  3127856.46784
22.0  9.15  -0.653780909565  -0.0977171540567  0.232528640599  4378229.90309
22.0  9.82  -1.04742144041  -0.153414315013  0.176264906133  5941283.4287
22.0  10.49  -1.5283932617  -0.221803432478  0.091743188955  7850392.07813
22.0  11.16  -2.10445593059  -0.304035445548  -0.0246614628165  10138930.8849
22.0  11.83  -2.78336900422  -0.401261293323  -0.176574001061  12840274.8823
22.0  12.5  -3.57289203974  -0.514631914899  -0.367619377657  15987799.1041
22.0  13.17  -4.48078459428  -0.645298249374  -0.601422544486  19614878.5835
22.0  13.84  -5.51480622498  -0.794411235846  -0.881608453426  23754888.3541
22.0  14.51  -6.682716489  -0.963121813412  -1.21180205636  28441203.4493
22.0  15.18  -7.99227494348  -1.15258092117  -1.59562830516  33707198.9027
22.0  15.85  -9.45124114555  -1.36393949822  -2.03671215172  39586249.7477
22.0  16.52  -11.0673746524  -1.59834848366  -2.5386785479  46111731.0177
22.0  17.19  -12.8484350211  -1.85695881658  -3.1051524456  53317017.7462
22.0  17.86  -14.8021818088  -2.14092143609  -3.73975879668  61235484.9667
22.0  18.53  -16.9363745727  -2.45138728127  -4.44612255304  69900507.7127
22.0  19.2  -19.2587728699  -2.78950729124  -5.22786866654  79345461.0176
22.0  19.87  -21.7771362575  -3.15643240508  -6.08862208907  89603719.915
22.0  20.54  -24.4992242928  -3.5533135619  -7.03200777251  100708659.438
22.0  21.21  -27.4327965328  -3.98130170079  -8.06165066875  112693654.621
22.0  21.88  -30.5856125346  -4.44154776085  -9.18117572964  125592080.496
22.0  22.55  -33.9654318555  -4.93520268118  -10.3942079071  139437312.098
22.0  23.22  -37.5800140526  -5.46341740087  -11.704372153  154262724.459
22.0  23.89  -41.437118683  -6.02734285903  -13.1152934191  170101692.614
22.0  24.56  -45.5445053038  -6.62812999474  -14.6305966575  186987591.595
