  6.00  1.00 -20.00   28217.0   1082.7  -3313.7
  6.00  1.00 -17.89   23904.4    806.2  -2810.3
  6.00  1.00 -15.79   19872.3    581.5  -2344.8
  6.00  1.00 -13.68   16140.6    402.7  -1918.1
  6.00  1.00 -11.58   12756.2    265.0  -1534.3
  6.00  1.00  -9.47    9706.6    162.5  -1191.0
  6.00  1.00  -7.37    6965.5     89.5   -884.5
  6.00  1.00  -5.26    4496.5     41.4   -609.8
  6.00  1.00  -3.16    2224.7     14.2   -358.3
  6.00  1.00  -1.05     581.3      4.3   -176.9
  6.00  1.00   1.05   -2122.1     13.3    120.9
  6.00  1.00   3.16   -4394.6     39.6    370.9
  6.00  1.00   5.26   -6874.3     86.6    644.0
  6.00  1.00   7.37   -9627.5    158.1    947.9
  6.00  1.00   9.47  -12704.1    259.1   1288.5
  6.00  1.00  11.58  -16119.4    394.6   1668.4
  6.00  1.00  13.68  -19907.3    571.0   2092.0
  6.00  1.00  15.79  -24023.6    793.4   2555.3
  6.00  1.00  17.89  -28430.5   1066.6   3055.4
  6.00  1.00  20.00  -33100.2   1396.3   3590.2
  6.00  1.67 -20.00   26672.5    989.3  -3227.2
  6.00  1.67 -17.89   22488.1    729.9  -2735.9
  6.00  1.67 -15.79   18567.4    520.0  -2280.9
  6.00  1.67 -13.68   14979.4    355.1  -1868.6
  6.00  1.67 -11.58   11719.7    229.1  -1497.5
  6.00  1.67  -9.47    8786.5    136.4  -1166.2
  6.00  1.67  -7.37    6146.8     71.8   -870.2
  6.00  1.67  -5.26    3754.2     30.7   -603.6
  6.00  1.67  -3.16    1531.6      9.4   -357.3
  6.00  1.67  -1.05     230.3      3.5   -213.6
  6.00  1.67   1.05   -2826.7     19.6    122.8
  6.00  1.67   3.16   -5159.3     52.1    378.9
  6.00  1.67   5.26   -7723.1    106.4    660.5
  6.00  1.67   7.37  -10580.2    186.6    974.8
  6.00  1.67   9.47  -13779.1    297.9   1327.6
  6.00  1.67  11.58  -17336.3    445.8   1721.4
  6.00  1.67  13.68  -21255.9    636.1   2157.5
  6.00  1.67  15.79  -25497.2    873.9   2632.2
  6.00  1.67  17.89  -30038.0   1164.7   3144.2
  6.00  1.67  20.00  -34833.8   1513.4   3689.6
  6.00  2.33 -20.00   25192.6    902.0  -3147.2
  6.00  2.33 -17.89   21113.0    658.4  -2665.6
  6.00  2.33 -15.79   17332.0    463.5  -2224.6
  6.00  2.33 -13.68   13861.1    311.3  -1824.1
  6.00  2.33 -11.58   10722.2    196.4  -1465.4
  6.00  2.33  -9.47    7898.5    113.2  -1145.5
  6.00  2.33  -7.37    5353.3     56.5   -859.4
  6.00  2.33  -5.26    3030.1     21.9   -600.2
  6.00  2.33  -3.16     948.6      6.4   -369.5
  6.00  2.33  -1.05    -152.1      3.7   -248.0
  6.00  2.33   1.05   -3546.2     27.8    125.1
  6.00  2.33   3.16   -5947.3     66.8    388.2
  6.00  2.33   5.26   -8604.5    128.7    679.1
  6.00  2.33   7.37  -11585.0    218.3   1005.8
  6.00  2.33   9.47  -14909.0    340.5   1370.8
  6.00  2.33  11.58  -18604.0    501.3   1777.9
  6.00  2.33  13.68  -22648.4    705.8   2225.4
  6.00  2.33  15.79  -27028.0    960.0   2712.7
  6.00  2.33  17.89  -31685.3   1268.2   3234.4
  6.00  2.33  20.00  -36597.3   1636.0   3788.9
  6.00  3.00 -20.00   23737.2    819.4  -3069.4
  6.00  3.00 -17.89   19784.1    591.8  -2600.2
  6.00  3.00 -15.79   16128.3    411.0  -2171.8
  6.00  3.00 -13.68   12788.8    271.2  -1784.9
  6.00  3.00 -11.58    9762.1    166.8  -1437.8
  6.00  3.00  -9.47    7045.5     92.6  -1129.2
  6.00  3.00  -7.37    4586.4     43.3   -852.4
  6.00  3.00  -5.26    2324.2     15.1   -599.8
  6.00  3.00  -3.16     631.0      4.5   -412.0
  6.00  3.00  -1.05    -565.6      5.0   -280.2
  6.00  3.00   1.05   -4286.4     37.9    128.4
  6.00  3.00   3.16   -6765.8     83.7    399.3
  6.00  3.00   5.26   -9525.9    153.8    700.5
  6.00  3.00   7.37  -12625.3    253.2   1038.8
  6.00  3.00   9.47  -16086.5    387.1   1417.2
  6.00  3.00  11.58  -19902.8    560.8   1835.5
  6.00  3.00  13.68  -24079.4    780.2   2295.0
  6.00  3.00  15.79  -28587.9   1050.9   2793.5
  6.00  3.00  17.89  -33376.7   1377.5   3326.2
  6.00  3.00  20.00  -38392.2   1764.4   3888.2
  6.00  3.67 -20.00   22332.3    742.1  -2997.2
  6.00  3.67 -17.89   18515.0    530.2  -2541.8
  6.00  3.67 -15.79   14971.7    362.6  -2124.7
  6.00  3.67 -13.68   11758.0    234.7  -1751.0
  6.00  3.67 -11.58    8845.1    140.4  -1415.9
  6.00  3.67  -9.47    6225.3     74.5  -1117.7
  6.00  3.67  -7.37    3844.4     32.2   -849.3
  6.00  3.67  -5.26    1630.9     10.0   -602.1
  6.00  3.67  -3.16     285.7      3.6   -453.0
  6.00  3.67  -1.05   -1012.2      7.5   -310.3
  6.00  3.67   1.05   -5046.9     50.0    132.1
  6.00  3.67   3.16   -7611.3    103.1    411.4
  6.00  3.67   5.26  -10489.1    182.0    724.3
  6.00  3.67   7.37  -13708.6    291.6   1074.2
  6.00  3.67   9.47  -17293.1    437.3   1464.2
  6.00  3.67  11.58  -21257.8    625.1   1896.5
  6.00  3.67  13.68  -25574.0    860.2   2368.6
  6.00  3.67  15.79  -30220.1   1148.3   2878.9
  6.00  3.67  17.89  -35116.3   1493.0   3419.6
  6.00  3.67  20.00  -40245.6   1899.8   3989.9
  6.00  4.33 -20.00   20983.0    670.1  -2931.8
  6.00  4.33 -17.89   17269.5    472.4  -2486.7
  6.00  4.33 -15.79   13860.8    318.2  -2083.8
  6.00  4.33 -13.68   10758.0    201.4  -1721.7
  6.00  4.33 -11.58    7957.3    116.6  -1398.7
  6.00  4.33  -9.47    5429.8     58.7  -1110.5
  6.00  4.33  -7.37    3120.6     23.2   -850.0
  6.00  4.33  -5.26     974.1      6.8   -610.4
  6.00  4.33  -3.16     -90.1      3.6   -492.6
  6.00  4.33  -1.05   -1495.5     11.4   -338.5
  6.00  4.33   1.05   -5832.4     64.3    136.3
  6.00  4.33   3.16   -8495.0    125.0    425.3
  6.00  4.33   5.26  -11484.9    213.1    749.0
  6.00  4.33   7.37  -14834.5    333.5   1111.5
  6.00  4.33   9.47  -18556.9    491.9   1514.4
  6.00  4.33  11.58  -22655.0    693.9   1958.7
  6.00  4.33  13.68  -27108.7    945.2   2442.9
  6.00  4.33  15.79  -31871.9   1250.5   2962.5
  6.00  4.33  17.89  -36908.6   1614.8   3514.6
  6.00  4.33  20.00  -42163.0   2042.6   4093.9
  6.00  5.00 -20.00   19666.7    602.6  -2870.5
  6.00  5.00 -17.89   16080.3    419.3  -2438.7
  6.00  5.00 -15.79   12783.7    277.3  -2047.6
  6.00  5.00 -13.68    9803.1    171.4  -1698.6
  6.00  5.00 -11.58    7107.7     95.6  -1387.1
  6.00  5.00  -9.47    4666.1     45.2  -1108.3
  6.00  5.00  -7.37    2415.4     16.0   -854.3
  6.00  5.00  -5.26     675.9      4.8   -660.1
  6.00  5.00  -3.16    -494.2      4.7   -530.9
  6.00  5.00  -1.05   -2012.5     16.8   -364.9
  6.00  5.00   1.05   -6645.3     80.9    141.3
  6.00  5.00   3.16   -9410.0    149.7    440.3
  6.00  5.00   5.26  -12521.7    247.4    775.8
  6.00  5.00   7.37  -16002.9    379.3   1150.7
  6.00  5.00   9.47  -19861.3    550.7   1566.1
  6.00  5.00  11.58  -24104.8    767.8   2023.5
  6.00  5.00  13.68  -28689.7   1035.5   2518.7
  6.00  5.00  15.79  -33588.4   1359.1   3049.3
  6.00  5.00  17.89  -38733.0   1742.4   3608.8
  6.00  5.00  20.00  -44091.2   2190.6   4194.6
  8.00  1.00 -20.00   25120.2    972.1  -2931.7
  8.00  1.00 -17.89   20893.1    712.4  -2439.6
  8.00  1.00 -15.79   16997.7    504.4  -1990.9
  8.00  1.00 -13.68   13465.9    342.2  -1587.7
  8.00  1.00 -11.58   10338.4    220.3  -1233.5
  8.00  1.00  -9.47    7612.1    132.1   -926.8
  8.00  1.00  -7.37    5286.9     72.0   -666.7
  8.00  1.00  -5.26    3313.2     34.0   -447.1
  8.00  1.00  -3.16    1604.4     13.3   -257.8
  8.00  1.00  -1.05     425.4      6.2   -127.6
  8.00  1.00   1.05   -1529.2     12.7     87.6
  8.00  1.00   3.16   -3233.0     32.6    275.0
  8.00  1.00   5.26   -5209.0     69.6    492.4
  8.00  1.00   7.37   -7537.2    128.5    749.1
  8.00  1.00   9.47  -10267.3    214.8   1051.1
  8.00  1.00  11.58  -13438.4    335.1   1403.3
  8.00  1.00  13.68  -17016.6    495.0   1802.8
  8.00  1.00  15.79  -20977.1    700.4   2247.8
  8.00  1.00  17.89  -25280.5    956.7   2735.0
  8.00  1.00  20.00  -29895.3   1269.8   3262.2
  8.00  1.67 -20.00   23631.9    884.5  -2830.0
  8.00  1.67 -17.89   19533.1    641.5  -2350.0
  8.00  1.67 -15.79   15774.6    448.5  -1914.7
  8.00  1.67 -13.68   12381.7    299.5  -1525.6
  8.00  1.67 -11.58    9398.6    188.9  -1186.2
  8.00  1.67  -9.47    6816.6    110.4   -894.7
  8.00  1.67  -7.37    4619.7     57.8   -648.2
  8.00  1.67  -5.26    2743.2     25.8   -438.9
  8.00  1.67  -3.16    1099.0      9.8   -256.6
  8.00  1.67  -1.05     170.8      5.7   -154.1
  8.00  1.67   1.05   -2047.9     17.4     90.0
  8.00  1.67   3.16   -3830.0     42.3    285.5
  8.00  1.67   5.26   -5913.7     85.6    514.1
  8.00  1.67   7.37   -8371.7    152.5    784.1
  8.00  1.67   9.47  -11253.8    248.9   1101.6
  8.00  1.67  11.58  -14568.7    381.0   1468.0
  8.00  1.67  13.68  -18292.6    554.6   1881.6
  8.00  1.67  15.79  -22396.8    775.5   2340.2
  8.00  1.67  17.89  -26844.1   1049.2   2840.5
  8.00  1.67  20.00  -31573.9   1380.7   3377.2
  8.00  2.33 -20.00   22176.4    801.9  -2731.1
  8.00  2.33 -17.89   18210.0    575.2  -2264.1
  8.00  2.33 -15.79   14603.4    397.0  -1844.2
  8.00  2.33 -13.68   11359.2    260.8  -1470.4
  8.00  2.33 -11.58    8514.3    160.9  -1145.5
  8.00  2.33  -9.47    6068.9     91.2   -868.3
  8.00  2.33  -7.37    3986.0     45.7   -634.0
  8.00  2.33  -5.26    2198.7     19.1   -434.4
  8.00  2.33  -3.16     682.0      7.6   -266.1
  8.00  2.33  -1.05    -112.5      6.0   -178.6
  8.00  2.33   1.05   -2585.7     23.5     93.3
  8.00  2.33   3.16   -4454.0     53.8    297.6
  8.00  2.33   5.26   -6658.0    104.0    538.6
  8.00  2.33   7.37   -9256.6    179.6    823.0
  8.00  2.33   9.47  -12289.9    286.6   1155.6
  8.00  2.33  11.58  -15749.0    431.0   1536.1
  8.00  2.33  13.68  -19624.2    619.0   1964.2
  8.00  2.33  15.79  -23877.7    856.1   2436.6
  8.00  2.33  17.89  -28465.5   1147.9   2949.4
  8.00  2.33  20.00  -33318.9   1498.5   3496.2
  8.00  3.00 -20.00   20782.2    725.0  -2639.1
  8.00  3.00 -17.89   16956.2    514.2  -2186.2
  8.00  3.00 -15.79   13475.0    349.6  -1779.0
  8.00  3.00 -13.68   10374.6    225.6  -1420.2
  8.00  3.00 -11.58    7673.7    135.9  -1110.5
  8.00  3.00  -9.47    5357.4     74.4   -847.1
  8.00  3.00  -7.37    3384.0     35.4   -624.6
  8.00  3.00  -5.26    1675.8     14.0   -433.6
  8.00  3.00  -3.16     460.0      6.3   -298.7
  8.00  3.00  -1.05    -427.0      7.2   -201.2
  8.00  3.00   1.05   -3148.5     31.2     97.5
  8.00  3.00   3.16   -5117.1     67.3    312.1
  8.00  3.00   5.26   -7445.8    124.9    565.8
  8.00  3.00   7.37  -10189.1    209.7    864.7
  8.00  3.00   9.47  -13376.3    328.0   1212.6
  8.00  3.00  11.58  -16990.5    485.6   1608.1
  8.00  3.00  13.68  -21019.7    688.6   2050.8
  8.00  3.00  15.79  -25408.6    942.2   2535.2
  8.00  3.00  17.89  -30127.8   1252.1   3059.2
  8.00  3.00  20.00  -35061.4   1620.5   3611.0
  8.00  3.67 -20.00   19428.9    653.1  -2552.0
  8.00  3.67 -17.89   15739.7    457.5  -2113.0
  8.00  3.67 -15.79   12406.5    306.5  -1721.3
  8.00  3.67 -13.68    9445.9    193.8  -1377.2
  8.00  3.67 -11.58    6878.8    113.7  -1081.8
  8.00  3.67  -9.47    4686.4     59.9   -831.9
  8.00  3.67  -7.37    2812.1     26.9   -620.2
  8.00  3.67  -5.26    1170.6     10.2   -436.5
  8.00  3.67  -3.16     213.0      5.7   -330.4
  8.00  3.67  -1.05    -773.7      9.4   -222.3
  8.00  3.67   1.05   -3741.0     40.7    102.9
  8.00  3.67   3.16   -5819.6     83.0    328.7
  8.00  3.67   5.26   -8279.3    148.5    595.6
  8.00  3.67   7.37  -11175.4    243.3    909.8
  8.00  3.67   9.47  -14509.6    373.3   1271.9
  8.00  3.67  11.58  -18267.7    544.3   1681.0
  8.00  3.67  13.68  -22456.8    763.1   2138.5
  8.00  3.67  15.79  -26974.6   1033.4   2634.0
  8.00  3.67  17.89  -31810.1   1361.3   3167.2
  8.00  3.67  20.00  -36898.7   1751.0   3731.9
  8.00  4.33 -20.00   18125.8    586.1  -2472.2
  8.00  4.33 -17.89   14575.3    405.3  -2047.6
  8.00  4.33 -15.79   11375.4    266.9  -1669.9
  8.00  4.33 -13.68    8555.5    165.2  -1340.9
  8.00  4.33 -11.58    6124.4     94.1  -1060.2
  8.00  4.33  -9.47    4046.1     47.4   -822.7
  8.00  4.33  -7.37    2262.6     20.0   -621.1
  8.00  4.33  -5.26     693.7      7.8   -445.6
  8.00  4.33  -3.16     -67.9      5.9   -361.5
  8.00  4.33  -1.05   -1162.5     12.7   -241.9
  8.00  4.33   1.05   -4361.9     51.9    108.0
  8.00  4.33   3.16   -6560.8    101.0    346.0
  8.00  4.33   5.26   -9157.9    175.0    626.6
  8.00  4.33   7.37  -12208.6    280.4    956.0
  8.00  4.33   9.47  -15691.4    422.6   1332.4
  8.00  4.33  11.58  -19612.7    608.1   1756.9
  8.00  4.33  13.68  -23938.8    842.6   2226.5
  8.00  4.33  15.79  -28617.2   1131.3   2736.2
  8.00  4.33  17.89  -33557.3   1477.3   3276.9
  8.00  4.33  20.00  -38759.3   1887.1   3849.7
  8.00  5.00 -20.00   16879.7    524.2  -2399.5
  8.00  5.00 -17.89   13454.8    357.2  -1988.0
  8.00  5.00 -15.79   10400.2    231.2  -1625.9
  8.00  5.00 -13.68    7719.5    139.7  -1312.0
  8.00  5.00 -11.58    5410.9     76.9  -1044.7
  8.00  5.00  -9.47    3441.6     36.9   -819.2
  8.00  5.00  -7.37    1736.7     14.7   -626.4
  8.00  5.00  -5.26     486.0      6.5   -486.6
  8.00  5.00  -3.16    -373.9      6.9   -391.9
  8.00  5.00  -1.05   -1582.9     17.3   -260.3
  8.00  5.00   1.05   -5020.9     65.1    114.9
  8.00  5.00   3.16   -7344.7    121.4    365.4
  8.00  5.00   5.26  -10091.6    204.8    660.9
  8.00  5.00   7.37  -13289.3    321.1   1004.6
  8.00  5.00   9.47  -16933.2    476.4   1396.3
  8.00  5.00  11.58  -21007.5    676.7   1834.9
  8.00  5.00  13.68  -25469.4    927.5   2316.2
  8.00  5.00  15.79  -30280.1   1233.9   2836.6
  8.00  5.00  17.89  -35374.4   1600.4   3390.0
  8.00  5.00  20.00  -40669.1   2030.0   3968.2
 10.00  1.00 -20.00   23742.7    924.6  -2757.9
 10.00  1.00 -17.89   19512.1    670.7  -2266.2
 10.00  1.00 -15.79   15625.6    468.6  -1819.1
 10.00  1.00 -13.68   12146.6    313.1  -1422.3
 10.00  1.00 -11.58    9097.6    197.6  -1077.2
 10.00  1.00  -9.47    6503.9    116.0   -785.6
 10.00  1.00  -7.37    4370.8     61.9   -547.0
 10.00  1.00  -5.26    2645.2     29.0   -354.9
 10.00  1.00  -3.16    1247.0     11.8   -199.9
 10.00  1.00  -1.05     334.3      6.2    -99.1
 10.00  1.00   1.05   -1187.9     11.3     68.5
 10.00  1.00   3.16   -2578.2     27.8    221.3
 10.00  1.00   5.26   -4295.1     59.8    410.1
 10.00  1.00   7.37   -6429.3    112.7    645.2
 10.00  1.00   9.47   -9025.8    192.6    932.1
 10.00  1.00  11.58  -12102.9    306.2   1273.6
 10.00  1.00  13.68  -15625.0    459.5   1666.4
 10.00  1.00  15.79  -19564.9    658.7   2108.6
 10.00  1.00  17.89  -23878.2    909.5   2596.3
 10.00  1.00  20.00  -28480.8   1216.0   3121.4
 10.00  1.67 -20.00   22248.8    838.5  -2643.2
 10.00  1.67 -17.89   18166.5    601.9  -2165.9
 10.00  1.67 -15.79   14434.6    415.1  -1734.2
 10.00  1.67 -13.68   11091.6    272.5  -1351.2
 10.00  1.67 -11.58    8202.5    168.4  -1022.7
 10.00  1.67  -9.47    5765.2     96.2   -747.5
 10.00  1.67  -7.37    3774.1     49.5   -524.0
 10.00  1.67  -5.26    2169.3     22.1   -344.8
 10.00  1.67  -3.16     849.5      9.0   -198.3
 10.00  1.67  -1.05     136.7      5.9   -119.7
 10.00  1.67   1.05   -1601.3     15.2     71.5
 10.00  1.67   3.16   -3083.3     36.1    233.9
 10.00  1.67   5.26   -4927.4     74.0    435.9
 10.00  1.67   7.37   -7214.3    134.7    686.9
 10.00  1.67   9.47   -9976.1    224.6    990.8
 10.00  1.67  11.58  -13211.4    350.1   1348.0
 10.00  1.67  13.68  -16892.1    517.3   1756.4
 10.00  1.67  15.79  -20994.8    732.5   2214.3
 10.00  1.67  17.89  -25420.0    999.6   2711.6
 10.00  1.67  20.00  -30163.1   1325.3   3249.1
 10.00  2.33 -20.00   20799.0    757.8  -2533.1
 10.00  2.33 -17.89   16857.2    537.6  -2069.6
 10.00  2.33 -15.79   13279.2    365.6  -1653.6
 10.00  2.33 -13.68   10094.9    235.8  -1286.9
 10.00  2.33 -11.58    7360.7    142.5   -974.7
 10.00  2.33  -9.47    5077.4     79.0   -715.9
 10.00  2.33  -7.37    3221.2     39.0   -506.8
 10.00  2.33  -5.26    1723.2     16.6   -339.2
 10.00  2.33  -3.16     527.0      7.2   -206.4
 10.00  2.33  -1.05     -89.6      6.3   -138.5
 10.00  2.33   1.05   -2039.9     20.2     75.7
 10.00  2.33   3.16   -3626.3     46.0    248.9
 10.00  2.33   5.26   -5610.6     90.5    465.5
 10.00  2.33   7.37   -8057.1    159.8    732.9
 10.00  2.33   9.47  -10978.2    260.2   1052.8
 10.00  2.33  11.58  -14379.5    398.2   1426.6
 10.00  2.33  13.68  -18217.7    579.9   1850.2
 10.00  2.33  15.79  -22451.3    810.7   2319.8
 10.00  2.33  17.89  -27046.3   1096.7   2832.9
 10.00  2.33  20.00  -31873.6   1440.0   3376.2
 10.00  3.00 -20.00   19420.6    683.0  -2431.2
 10.00  3.00 -17.89   15606.6    478.3  -1980.3
 10.00  3.00 -15.79   12174.9    320.3  -1579.3
 10.00  3.00 -13.68    9151.6    202.7  -1229.6
 10.00  3.00 -11.58    6572.3    119.5   -933.8
 10.00  3.00  -9.47    4433.8     64.1   -690.5
 10.00  3.00  -7.37    2705.9     30.2   -495.4
 10.00  3.00  -5.26    1302.6     12.4   -338.2
 10.00  3.00  -3.16     360.1      6.3   -233.5
 10.00  3.00  -1.05    -346.6      7.4   -156.0
 10.00  3.00   1.05   -2506.5     26.7     80.9
 10.00  3.00   3.16   -4211.4     57.8    266.4
 10.00  3.00   5.26   -6341.5    109.4    498.0
 10.00  3.00   7.37   -8942.7    187.8    781.0
 10.00  3.00   9.47  -12028.1    299.3   1117.4
 10.00  3.00  11.58  -15594.2    450.6   1507.2
 10.00  3.00  13.68  -19593.5    647.4   1946.1
 10.00  3.00  15.79  -23966.3    894.7   2428.3
 10.00  3.00  17.89  -28703.3   1199.1   2953.7
 10.00  3.00  20.00  -33683.4   1563.2   3510.1
 10.00  3.67 -20.00   18080.1    613.0  -2334.6
 10.00  3.67 -17.89   14408.8    423.6  -1898.4
 10.00  3.67 -15.79   11123.1    279.0  -1512.6
 10.00  3.67 -13.68    8255.4    173.0  -1179.4
 10.00  3.67 -11.58    5830.4     99.3   -900.2
 10.00  3.67  -9.47    3834.7     51.3   -672.3
 10.00  3.67  -7.37    2223.7     23.1   -490.0
 10.00  3.67  -5.26     901.1      9.3   -341.7
 10.00  3.67  -3.16     166.3      5.9   -260.3
 10.00  3.67  -1.05    -639.6      9.4   -172.3
 10.00  3.67   1.05   -3007.8     34.7     86.9
 10.00  3.67   3.16   -4841.7     71.6    285.7
 10.00  3.67   5.26   -7124.4    131.0    532.9
 10.00  3.67   7.37   -9895.2    219.3    833.1
 10.00  3.67   9.47  -13144.9    342.7   1185.6
 10.00  3.67  11.58  -16872.7    507.8   1591.0
 10.00  3.67  13.68  -21023.3    720.0   2043.8
 10.00  3.67  15.79  -25545.0    984.6   2539.2
 10.00  3.67  17.89  -30389.0   1306.7   3072.8
 10.00  3.67  20.00  -35474.3   1690.0   3636.7
 10.00  4.33 -20.00   16789.2    548.1  -2244.7
 10.00  4.33 -17.89   13258.6    373.3  -1823.1
 10.00  4.33 -15.79   10130.3    241.7  -1454.1
 10.00  4.33 -13.68    7414.5    146.5  -1137.2
 10.00  4.33 -11.58    5134.3     81.6   -873.7
 10.00  4.33  -9.47    3275.8     40.5   -660.9
 10.00  4.33  -7.37    1773.2     17.3   -490.5
 10.00  4.33  -5.26     532.0      7.4   -351.4
 10.00  4.33  -3.16     -53.6      6.2   -286.9
 10.00  4.33  -1.05    -967.1     12.4   -187.5
 10.00  4.33   1.05   -3545.2     44.3     94.0
 10.00  4.33   3.16   -5521.5     87.7    307.4
 10.00  4.33   5.26   -7961.3    155.6    570.5
 10.00  4.33   7.37  -10890.7    254.2    886.3
 10.00  4.33   9.47  -14311.5    390.1   1255.6
 10.00  4.33  11.58  -18197.1    569.4   1675.8
 10.00  4.33  13.68  -22494.6    797.5   2141.9
 10.00  4.33  15.79  -27152.0   1079.5   2648.8
 10.00  4.33  17.89  -32147.5   1421.5   3195.2
 10.00  4.33  20.00  -37343.5   1824.8   3766.8
 10.00  5.00 -20.00   15555.6    488.1  -2163.5
 10.00  5.00 -17.89   12168.9    327.5  -1757.1
 10.00  5.00 -15.79    9178.6    207.9  -1402.8
 10.00  5.00 -13.68    6615.2    122.9  -1102.4
 10.00  5.00 -11.58    4488.1     66.3   -855.8
 10.00  5.00  -9.47    2753.0     31.5   -656.6
 10.00  5.00  -7.37    1345.9     12.9   -496.9
 10.00  5.00  -5.26     373.3      6.4   -388.0
 10.00  5.00  -3.16    -305.6      7.1   -313.6
 10.00  5.00  -1.05   -1335.8     16.6   -201.9
 10.00  5.00   1.05   -4123.3     55.8    101.7
 10.00  5.00   3.16   -6246.3    106.3    330.0
 10.00  5.00   5.26   -8843.4    183.1    608.8
 10.00  5.00   7.37  -11939.7    292.8    941.0
 10.00  5.00   9.47  -15534.7    441.9   1327.1
 10.00  5.00  11.58  -19570.4    635.8   1761.1
 10.00  5.00  13.68  -24025.3    880.7   2241.2
 10.00  5.00  15.79  -28828.0   1181.0   2760.4
 10.00  5.00  17.89  -33936.1   1541.8   3314.9
 10.00  5.00  20.00  -39241.4   1965.4   3893.8
 12.00  1.00 -20.00   21912.7    861.5  -2539.3
 12.00  1.00 -17.89   17691.9    616.2  -2049.7
 12.00  1.00 -15.79   14757.1    446.4  -1709.5
 12.00  1.00 -13.68   11305.8    294.9  -1316.2
 12.00  1.00 -11.58    8307.5    183.4   -977.0
 12.00  1.00  -9.47    5793.7    105.7   -694.3
 12.00  1.00  -7.37    3766.2     55.2   -467.5
 12.00  1.00  -5.26    2200.7     25.4   -293.2
 12.00  1.00  -3.16    1005.3     10.4   -160.6
 12.00  1.00  -1.05     272.1      5.8    -79.6
 12.00  1.00   1.05    -956.3     10.0     55.6
 12.00  1.00   3.16   -2141.2     24.4    185.8
 12.00  1.00   5.26   -3695.9     53.3    356.6
 12.00  1.00   7.37   -5718.6    102.6    579.2
 12.00  1.00   9.47   -8240.0    178.7    857.7
 12.00  1.00  11.58  -11251.3    288.1   1191.6
 12.00  1.00  13.68  -14747.5    437.5   1581.3
 12.00  1.00  15.79  -18658.2    632.4   2019.9
 12.00  1.00  17.89  -22942.8    878.4   2504.0
 12.00  1.00  20.00  -27540.8   1180.6   3028.2
 12.00  1.67 -20.00   20259.0    772.0  -2398.5
 12.00  1.67 -17.89   16157.3    543.8  -1920.1
 12.00  1.67 -15.79   13562.3    393.8  -1616.0
 12.00  1.67 -13.68   10272.9    255.6  -1239.2
 12.00  1.67 -11.58    7443.2    155.6   -917.6
 12.00  1.67  -9.47    5089.6     87.1   -651.8
 12.00  1.67  -7.37    3218.6     43.8   -441.7
 12.00  1.67  -5.26    1784.5     19.3   -281.5
 12.00  1.67  -3.16     679.9      8.0   -158.7
 12.00  1.67  -1.05     113.2      5.6    -96.2
 12.00  1.67   1.05   -1300.3     13.3     59.2
 12.00  1.67   3.16   -2590.9     31.7    200.5
 12.00  1.67   5.26   -4290.1     66.4    386.4
 12.00  1.67   7.37   -6470.4    123.4    625.5
 12.00  1.67   9.47   -9159.6    209.3    921.1
 12.00  1.67  11.58  -12356.8    330.9   1273.9
 12.00  1.67  13.68  -16004.8    494.0   1678.4
 12.00  1.67  15.79  -20061.1    704.3   2130.7
 12.00  1.67  17.89  -24475.6    967.1   2626.5
 12.00  1.67  20.00  -29188.3   1287.4   3160.1
 12.00  2.33 -20.00   18590.3    686.3  -2255.8
 12.00  2.33 -17.89   15980.8    513.6  -1942.6
 12.00  2.33 -15.79   12424.3    345.7  -1529.4
 12.00  2.33 -13.68    9288.3    220.1  -1168.5
 12.00  2.33 -11.58    6622.2    130.8   -864.0
 12.00  2.33  -9.47    4435.9     71.0   -616.1
 12.00  2.33  -7.37    2715.7     34.3   -422.2
 12.00  2.33  -5.26    1402.0     14.5   -275.0
 12.00  2.33  -3.16     420.4      6.5   -165.8
 12.00  2.33  -1.05     -74.7      6.0   -111.4
 12.00  2.33   1.05   -1671.2     17.7     63.8
 12.00  2.33   3.16   -3081.6     40.6    217.6
 12.00  2.33   5.26   -4933.1     81.7    419.4
 12.00  2.33   7.37   -7280.1    147.1    675.6
 12.00  2.33   9.47  -10144.5    243.6    989.1
 12.00  2.33  11.58  -13504.7    377.7   1358.0
 12.00  2.33  13.68  -17303.4    554.9   1776.9
 12.00  2.33  15.79  -21527.4    781.8   2245.2
 12.00  2.33  17.89  -26078.2   1062.2   2753.0
 12.00  2.33  20.00  -30910.8   1401.4   3296.4
 12.00  3.00 -20.00   16967.2    606.3  -2118.6
 12.00  3.00 -17.89   14748.8    455.8  -1847.7
 12.00  3.00 -15.79   11338.3    301.8  -1449.4
 12.00  3.00 -13.68    8364.9    188.3  -1105.6
 12.00  3.00 -11.58    5856.3    108.9   -817.9
 12.00  3.00  -9.47    3830.8     57.2   -587.2
 12.00  3.00  -7.37    2254.2     26.5   -408.9
 12.00  3.00  -5.26    1049.5     10.9   -273.6
 12.00  3.00  -3.16     290.5      5.8   -189.2
 12.00  3.00  -1.05    -291.6      7.1   -125.6
 12.00  3.00   1.05   -2077.3     23.3     70.0
 12.00  3.00   3.16   -3619.4     51.4    237.5
 12.00  3.00   5.26   -5632.3     99.5    456.0
 12.00  3.00   7.37   -8151.3    174.0    729.8
 12.00  3.00   9.47  -11176.1    281.5   1059.2
 12.00  3.00  11.58  -14698.4    428.6   1444.0
 12.00  3.00  13.68  -18672.8    621.2   1879.8
 12.00  3.00  15.79  -23027.7    864.1   2359.7
 12.00  3.00  17.89  -27715.5   1162.7   2879.3
 12.00  3.00  20.00  -32666.9   1521.1   3432.1
 12.00  3.67 -20.00   15348.6    530.6  -1983.4
 12.00  3.67 -17.89   13556.3    402.3  -1759.1
 12.00  3.67 -15.79   10307.3    261.9  -1377.7
 12.00  3.67 -13.68    7492.1    159.8  -1050.7
 12.00  3.67 -11.58    5150.1     89.9   -780.9
 12.00  3.67  -9.47    3276.3     45.5   -566.7
 12.00  3.67  -7.37    1830.6     20.1   -402.7
 12.00  3.67  -5.26     717.8      8.3   -277.7
 12.00  3.67  -3.16     133.5      5.6   -212.9
 12.00  3.67  -1.05    -546.4      9.0   -138.8
 12.00  3.67   1.05   -2519.8     30.4     76.8
 12.00  3.67   3.16   -4206.5     64.1    259.2
 12.00  3.67   5.26   -6382.8    119.9    494.5
 12.00  3.67   7.37   -9076.2    204.2    785.9
 12.00  3.67   9.47  -12279.0    323.6   1133.0
 12.00  3.67  11.58  -15964.3    484.4   1533.5
 12.00  3.67  13.68  -20074.2    691.9   1981.5
 12.00  3.67  15.79  -24596.6    952.6   2476.8
 12.00  3.67  17.89  -29428.6   1270.2   3008.7
 12.00  3.67  20.00  -34504.5   1648.8   3571.2
 12.00  4.33 -20.00   15927.2    524.0  -2097.0
 12.00  4.33 -17.89   12421.5    353.4  -1678.7
 12.00  4.33 -15.79    9331.9    225.8  -1314.3
 12.00  4.33 -13.68    6679.7    134.6  -1004.8
 12.00  4.33 -11.58    4491.0     73.4   -751.6
 12.00  4.33  -9.47    2764.0     35.7   -553.5
 12.00  4.33  -7.37    1440.7     15.1   -403.0
 12.00  4.33  -5.26     417.8      6.6   -288.1
 12.00  4.33  -3.16     -49.0      5.9   -236.8
 12.00  4.33  -1.05    -836.2     11.8   -151.4
 12.00  4.33   1.05   -3006.9     39.1     85.1
 12.00  4.33   3.16   -4844.1     79.1    283.0
 12.00  4.33   5.26   -7188.7    143.2    535.4
 12.00  4.33   7.37  -10052.4    237.9    843.8
 12.00  4.33   9.47  -13422.9    369.6   1207.2
 12.00  4.33  11.58  -17272.3    544.6   1623.2
 12.00  4.33  13.68  -21553.5    768.6   2087.2
 12.00  4.33  15.79  -26199.4   1046.3   2592.6
 12.00  4.33  17.89  -31131.2   1381.6   3131.7
 12.00  4.33  20.00  -36323.8   1780.1   3702.6
 12.00  5.00 -20.00   14699.8    465.2  -2009.8
 12.00  5.00 -17.89   11347.7    308.9  -1607.8
 12.00  5.00 -15.79    8404.6    193.3  -1259.1
 12.00  5.00 -13.68    5912.9    112.3   -967.0
 12.00  5.00 -11.58    3883.9     59.3   -731.4
 12.00  5.00  -9.47    2296.2     27.6   -548.7
 12.00  5.00  -7.37    1080.0     11.3   -410.2
 12.00  5.00  -5.26     292.9      5.9   -321.8
 12.00  5.00  -3.16    -262.4      6.8   -261.2
 12.00  5.00  -1.05   -1166.8     15.7   -163.5
 12.00  5.00   1.05   -3537.8     49.6     94.1
 12.00  5.00   3.16   -5536.4     96.5    308.5
 12.00  5.00   5.26   -8048.0    169.5    577.6
 12.00  5.00   7.37  -11096.9    275.4    904.4
 12.00  5.00   9.47  -14633.4    420.1   1283.8
 12.00  5.00  11.58  -18651.7    610.2   1715.6
 12.00  5.00  13.68  -23068.0    850.2   2191.3
 12.00  5.00  15.79  -27856.2   1145.9   2708.7
 12.00  5.00  17.89  -32911.6   1500.4   3257.1
 12.00  5.00  20.00  -38226.7   1919.7   3836.8
