6.0000e+00 2.6000e+04 6.2444e+04 2.7710e+00
7.0000e+00 2.6000e+04 6.0686e+04 3.2093e+00
8.0000e+00 2.6000e+04 5.5697e+04 3.8552e+00
9.0000e+00 2.6000e+04 5.1839e+04 4.4962e+00
1.0000e+01 2.6000e+04 4.3798e+04 5.0110e+00
1.1000e+01 2.6000e+04 3.0627e+04 5.5121e+00
1.2000e+01 2.6000e+04 1.3913e+04 6.0132e+00
1.3000e+01 2.6000e+04 -2.6082e+03 6.5143e+00
6.0000e+00 2.7000e+04 5.3092e+04 2.3605e+00
7.0000e+00 2.7000e+04 5.1739e+04 2.7476e+00
8.0000e+00 2.7000e+04 4.7535e+04 3.3006e+00
9.0000e+00 2.7000e+04 4.4203e+04 3.8494e+00
1.0000e+01 2.7000e+04 3.7237e+04 4.2901e+00
1.1000e+01 2.7000e+04 2.5937e+04 4.7192e+00
1.2000e+01 2.7000e+04 1.1685e+04 5.1482e+00
1.3000e+01 2.7000e+04 -2.4891e+03 5.5772e+00
6.0000e+00 2.8000e+04 4.5173e+04 2.0124e+00
7.0000e+00 2.8000e+04 4.4141e+04 2.3539e+00
8.0000e+00 2.8000e+04 4.0595e+04 2.8277e+00
9.0000e+00 2.8000e+04 3.7715e+04 3.2978e+00
1.0000e+01 2.8000e+04 3.1679e+04 3.6754e+00
1.1000e+01 2.8000e+04 2.1977e+04 4.0429e+00
1.2000e+01 2.8000e+04 9.8165e+03 4.4105e+00
1.3000e+01 2.8000e+04 -2.3526e+03 4.7780e+00
6.0000e+00 2.9000e+04 3.8467e+04 1.7171e+00
7.0000e+00 2.9000e+04 3.7685e+04 2.0181e+00
8.0000e+00 2.9000e+04 3.4693e+04 2.4242e+00
9.0000e+00 2.9000e+04 3.2202e+04 2.8273e+00
1.0000e+01 2.9000e+04 2.6969e+04 3.1510e+00
1.1000e+01 2.9000e+04 1.8633e+04 3.4661e+00
1.2000e+01 2.9000e+04 8.2488e+03 3.7812e+00
1.3000e+01 2.9000e+04 -2.2063e+03 4.0963e+00
6.0000e+00 3.0000e+04 3.2780e+04 1.4663e+00
7.0000e+00 3.0000e+04 3.2195e+04 1.7313e+00
8.0000e+00 3.0000e+04 2.9668e+04 2.0798e+00
9.0000e+00 3.0000e+04 2.7513e+04 2.4255e+00
1.0000e+01 3.0000e+04 2.2974e+04 2.7033e+00
1.1000e+01 3.0000e+04 1.5807e+04 2.9736e+00
1.2000e+01 3.0000e+04 6.9327e+03 3.2439e+00
1.3000e+01 3.0000e+04 -2.0557e+03 3.5142e+00
6.0000e+00 3.1000e+04 2.7954e+04 1.2530e+00
7.0000e+00 3.1000e+04 2.7521e+04 1.4862e+00
8.0000e+00 3.1000e+04 2.5385e+04 1.7853e+00
9.0000e+00 3.1000e+04 2.3520e+04 2.0821e+00
1.0000e+01 3.1000e+04 1.9581e+04 2.3205e+00
1.1000e+01 3.1000e+04 1.3417e+04 2.5526e+00
1.2000e+01 3.1000e+04 5.8273e+03 2.7846e+00
1.3000e+01 3.1000e+04 -1.9050e+03 3.0167e+00
6.0000e+00 3.2000e+04 2.3859e+04 1.0717e+00
7.0000e+00 3.2000e+04 2.3544e+04 1.2767e+00
8.0000e+00 3.2000e+04 2.1737e+04 1.5337e+00
9.0000e+00 3.2000e+04 2.0121e+04 1.7887e+00
1.0000e+01 3.2000e+04 1.6702e+04 1.9935e+00
1.1000e+01 3.2000e+04 1.1395e+04 2.1929e+00
1.2000e+01 3.2000e+04 4.8993e+03 2.3922e+00
1.3000e+01 3.2000e+04 -1.7574e+03 2.5916e+00
6.0000e+00 3.3000e+04 2.0082e+04 9.0764e-01
7.0000e+00 3.3000e+04 1.9936e+04 1.0939e+00
8.0000e+00 3.3000e+04 1.8454e+04 1.3140e+00
9.0000e+00 3.3000e+04 1.7035e+04 1.5325e+00
1.0000e+01 3.3000e+04 1.4024e+04 1.7080e+00
1.1000e+01 3.3000e+04 9.4503e+03 1.8788e+00
1.2000e+01 3.3000e+04 3.9399e+03 2.0496e+00
1.3000e+01 3.3000e+04 -1.7974e+03 2.2204e+00
6.0000e+00 3.4000e+04 1.6946e+04 7.7093e-01
7.0000e+00 3.4000e+04 1.6912e+04 9.3893e-01
8.0000e+00 3.4000e+04 1.5692e+04 1.1279e+00
9.0000e+00 3.4000e+04 1.4447e+04 1.3154e+00
1.0000e+01 3.4000e+04 1.1794e+04 1.4660e+00
1.1000e+01 3.4000e+04 7.8449e+03 1.6126e+00
1.2000e+01 3.4000e+04 3.1587e+03 1.7593e+00
1.3000e+01 3.4000e+04 -1.7953e+03 1.9059e+00
6.0000e+00 3.5000e+04 1.4338e+04 6.5673e-01
7.0000e+00 3.5000e+04 1.4372e+04 8.0740e-01
8.0000e+00 3.5000e+04 1.3366e+04 9.6990e-01
9.0000e+00 3.5000e+04 1.2270e+04 1.1312e+00
1.0000e+01 3.5000e+04 9.9328e+03 1.2607e+00
1.1000e+01 3.5000e+04 6.5178e+03 1.3867e+00
1.2000e+01 3.5000e+04 2.5226e+03 1.5128e+00
1.3000e+01 3.5000e+04 -1.7628e+03 1.6389e+00
6.0000e+00 3.6000e+04 1.2164e+04 5.6112e-01
7.0000e+00 3.6000e+04 1.2235e+04 6.9554e-01
8.0000e+00 3.6000e+04 1.1404e+04 8.3553e-01
9.0000e+00 3.6000e+04 1.0438e+04 9.7444e-01
1.0000e+01 3.6000e+04 8.3780e+03 1.0860e+00
1.1000e+01 3.6000e+04 5.4194e+03 1.1946e+00
1.2000e+01 3.6000e+04 2.0049e+03 1.3032e+00
1.3000e+01 3.6000e+04 -1.7088e+03 1.4118e+00
6.0000e+00 3.7000e+04 1.0329e+04 4.7988e-01
7.0000e+00 3.7000e+04 1.0433e+04 6.0020e-01
8.0000e+00 3.7000e+04 9.7440e+03 7.2101e-01
9.0000e+00 3.7000e+04 8.8919e+03 8.4088e-01
1.0000e+01 3.7000e+04 7.0764e+03 9.3716e-01
1.1000e+01 3.7000e+04 4.5089e+03 1.0309e+00
1.2000e+01 3.7000e+04 1.5837e+03 1.1246e+00
1.3000e+01 3.7000e+04 -1.6401e+03 1.2183e+00
6.0000e+00 3.8000e+04 8.7740e+03 4.1059e-01
7.0000e+00 3.8000e+04 8.9121e+03 5.1880e-01
8.0000e+00 3.8000e+04 8.3383e+03 6.2323e-01
9.0000e+00 3.8000e+04 7.5856e+03 7.2684e-01
1.0000e+01 3.8000e+04 5.9849e+03 8.1006e-01
1.1000e+01 3.8000e+04 3.7534e+03 8.9107e-01
1.2000e+01 3.8000e+04 1.2412e+03 9.7208e-01
1.3000e+01 3.8000e+04 -1.5619e+03 1.0531e+00
6.0000e+00 3.9000e+04 7.4639e+03 3.5193e-01
7.0000e+00 3.9000e+04 7.6244e+03 4.4920e-01
8.0000e+00 3.9000e+04 7.1465e+03 5.3961e-01
9.0000e+00 3.9000e+04 6.4785e+03 6.2932e-01
1.0000e+01 3.9000e+04 5.0686e+03 7.0138e-01
1.1000e+01 3.9000e+04 3.1258e+03 7.7152e-01
1.2000e+01 3.9000e+04 9.6324e+02 8.4166e-01
1.3000e+01 3.9000e+04 -1.4783e+03 9.1180e-01
6.0000e+00 4.0000e+04 6.3779e+03 3.0322e-01
7.0000e+00 4.0000e+04 6.5309e+03 3.8956e-01
8.0000e+00 4.0000e+04 6.1350e+03 4.6796e-01
9.0000e+00 4.0000e+04 5.5432e+03 5.4576e-01
1.0000e+01 4.0000e+04 4.2978e+03 6.0826e-01
1.1000e+01 4.0000e+04 2.6039e+03 6.6908e-01
1.2000e+01 4.0000e+04 7.3785e+02 7.2991e-01
1.3000e+01 4.0000e+04 -1.3921e+03 7.9073e-01
