             26645.0             45000.0                 4.5                 0.0    -0.0523598775598      -39580.1877538       2.44715446173       91449.3983341       6.16746068848       1330332.99125      -40.4677044933 
             26645.0             50000.0                 4.5                 0.0    -0.0523598775598      -39580.1877538       2.44715446173       91449.3983341       6.16746068848       1330332.99125      -40.4677044933 
             26645.0             55000.0                 4.5                 0.0    -0.0523598775598      -39580.1877538       2.44715446173       91449.3983341       6.16746068848       1330332.99125      -40.4677044933 
             26645.0             45000.0                 5.0                 0.0    -0.0523598775598      -46252.5862783     0.0584867196786       99285.0266711       1.00856570909        1416205.7279      -1.90673237042 
             26645.0             50000.0                 5.0                 0.0    -0.0523598775598      -46252.5862783     0.0584867196786       99285.0266711       1.00856570909        1416205.7279      -1.90673237042 
             26645.0             55000.0                 5.0                 0.0    -0.0523598775598      -46252.5862783     0.0584867196786       99285.0266711       1.00856570909        1416205.7279      -1.90673237042 
             26645.0             45000.0                 5.5                 0.0    -0.0523598775598      -53539.3582128      -2.27357864109       106987.392951      -6.26862867961       1496012.50872       42.9662800158 
             26645.0             50000.0                 5.5                 0.0    -0.0523598775598      -53539.3582128      -2.27357864109       106987.392951      -6.26862867961       1496012.50872       42.9662800158 
             26645.0             55000.0                 5.5                 0.0    -0.0523598775598      -53539.3582128      -2.27357864109       106987.392951      -6.26862867961       1496012.50872       42.9662800158 
             26645.0             45000.0                 4.5                 0.0    -0.0349065850399      -37388.0201082      0.257000120173       59644.2550862       3.71932138599        825332.74646      -6.45717603945 
             26645.0             50000.0                 4.5                 0.0    -0.0349065850399      -37388.0201082      0.257000120173       59644.2550862       3.71932138599        825332.74646      -6.45717603945 
             26645.0             55000.0                 4.5                 0.0    -0.0349065850399      -37388.0201082      0.257000120173       59644.2550862       3.71932138599        825332.74646      -6.45717603945 
             26645.0             45000.0                 5.0                 0.0    -0.0349065850399      -43917.0428115       1.24536335753       62976.0156199       2.26740025089       842305.732974      -18.9372022763 
             26645.0             50000.0                 5.0                 0.0    -0.0349065850399      -43917.0428115       1.24536335753       62976.0156199       2.26740025089       842305.732974      -18.9372022763 
             26645.0             55000.0                 5.0                 0.0    -0.0349065850399      -43917.0428115       1.24536335753       62976.0156199       2.26740025089       842305.732974      -18.9372022763 
             26645.0             45000.0                 5.5                 0.0    -0.0349065850399      -51071.0179238      0.767869191352       65976.4403462     -0.172880523399       850397.619724      -11.3506931804 
             26645.0             50000.0                 5.5                 0.0    -0.0349065850399      -51071.0179238      0.767869191352       65976.4403462     -0.172880523399       850397.619724      -11.3506931804 
             26645.0             55000.0                 5.5                 0.0    -0.0349065850399      -51071.0179238      0.767869191352       65976.4403462     -0.172880523399       850397.619724      -11.3506931804 
             26645.0             45000.0                 4.5                 0.0    -0.0174532925199      -36427.6593981     -0.958538986734        26851.676829      0.857635191502       305002.235162        17.235898969 
             26645.0             50000.0                 4.5                 0.0    -0.0174532925199      -36427.6593981     -0.958538986734        26851.676829      0.857635191502       305002.235162        17.235898969 
             26645.0             55000.0                 4.5                 0.0    -0.0174532925199      -36427.6593981     -0.958538986734        26851.676829      0.857635191502       305002.235162        17.235898969 
             26645.0             45000.0                 5.0                 0.0    -0.0174532925199      -42995.3909773      -3.87058228317       25865.7310572      -3.92557875417       256125.242712       65.3799390851 
             26645.0             50000.0                 5.0                 0.0    -0.0174532925199      -42995.3909773      -3.87058228317       25865.7310572      -3.92557875417       256125.242712       65.3799390851 
             26645.0             55000.0                 5.0                 0.0    -0.0174532925199      -42995.3909773      -3.87058228317       25865.7310572      -3.92557875417       256125.242712       65.3799390851 
             26645.0             45000.0                 5.5                 0.0    -0.0174532925199      -50209.1507264      0.844201460941       24420.6025981      -1.00408859718       196654.950117      -9.75643191223 
             26645.0             50000.0                 5.5                 0.0    -0.0174532925199      -50209.1507264      0.844201460941       24420.6025981      -1.00408859718       196654.950117      -9.75643191223 
             26645.0             55000.0                 5.5                 0.0    -0.0174532925199      -50209.1507264      0.844201460941       24420.6025981      -1.00408859718       196654.950117      -9.75643191223 
             26645.0             45000.0                 4.5                 0.0   6.93889390391e-18      -36808.5958814      0.258610660983      -19911.2940736       3.48435487792      -437454.221354      -4.69173064746 
             26645.0             50000.0                 4.5                 0.0   6.93889390391e-18      -36808.5958814      0.258610660983      -19911.2940736       3.48435487792      -437454.221354      -4.69173064746 
             26645.0             55000.0                 4.5                 0.0   6.93889390391e-18      -36808.5958814      0.258610660983      -19911.2940736       3.48435487792      -437454.221354      -4.69173064746 
             26645.0             45000.0                 5.0                 0.0   6.93889390391e-18      -43599.6686762      0.326220131933      -25362.7963856        2.7756556128      -554613.877969      -5.38661199227 
             26645.0             50000.0                 5.0                 0.0   6.93889390391e-18      -43599.6686762      0.326220131933      -25362.7963856        2.7756556128      -554613.877969      -5.38661199227 
             26645.0             55000.0                 5.0                 0.0   6.93889390391e-18      -43599.6686762      0.326220131933      -25362.7963856        2.7756556128      -554613.877969      -5.38661199227 
             26645.0             45000.0                 5.5                 0.0   6.93889390391e-18      -51065.7043273      0.170930242986      -31333.0038113       2.51806624438       -682908.41397      -2.74074447667 
             26645.0             50000.0                 5.5                 0.0   6.93889390391e-18      -51065.7043273      0.170930242986      -31333.0038113       2.51806624438       -682908.41397      -2.74074447667 
             26645.0             55000.0                 5.5                 0.0   6.93889390391e-18      -51065.7043273      0.170930242986      -31333.0038113       2.51806624438       -682908.41397      -2.74074447667 
             26645.0             45000.0                 4.5                 0.0     0.0174532925199      -41666.9877055       1.05580877699      -68406.4165787       3.55132494438      -1238909.47053      -16.2167566771 
             26645.0             50000.0                 4.5                 0.0     0.0174532925199      -41666.9877055       1.05580877699      -68406.4165787       3.55132494438      -1238909.47053      -16.2167566771 
             26645.0             55000.0                 4.5                 0.0     0.0174532925199      -41666.9877055       1.05580877699      -68406.4165787       3.55132494438      -1238909.47053      -16.2167566771 
             26645.0             45000.0                 5.0                 0.0     0.0174532925199      -49383.4403048       1.00826612093      -78592.1654178       4.55883985392       -1431513.6635      -19.7671901511 
             26645.0             50000.0                 5.0                 0.0     0.0174532925199      -49383.4403048       1.00826612093      -78592.1654178       4.55883985392       -1431513.6635      -19.7671901511 
             26645.0             55000.0                 5.0                 0.0     0.0174532925199      -49383.4403048       1.00826612093      -78592.1654178       4.55883985392       -1431513.6635      -19.7671901511 
             26645.0             45000.0                 5.5                 0.0     0.0174532925199      -57871.1403877      0.954687346748      -89402.3602925      -1.83963315222      -1636935.02667      -14.8436923131 
             26645.0             50000.0                 5.5                 0.0     0.0174532925199      -57871.1403877      0.954687346748      -89402.3602925      -1.83963315222      -1636935.02667      -14.8436923131 
             26645.0             55000.0                 5.5                 0.0     0.0174532925199      -57871.1403877      0.954687346748      -89402.3602925      -1.83963315222      -1636935.02667      -14.8436923131 
             26645.0             45000.0                 4.5                 0.0     0.0349065850399      -44988.1909445       0.83307939225       -101216.48549       1.42552319092      -1762353.13356      -13.5451256812 
             26645.0             50000.0                 4.5                 0.0     0.0349065850399      -44988.1909445       0.83307939225       -101216.48549       1.42552319092      -1762353.13356      -13.5451256812 
             26645.0             55000.0                 4.5                 0.0     0.0349065850399      -44988.1909445       0.83307939225       -101216.48549       1.42552319092      -1762353.13356      -13.5451256812 
             26645.0             45000.0                 5.0                 0.0     0.0349065850399      -53256.4502241       1.03739994111      -115701.119348       1.34495402449      -2021160.87373      -17.1434456644 
             26645.0             50000.0                 5.0                 0.0     0.0349065850399      -53256.4502241       1.03739994111      -115701.119348       1.34495402449      -2021160.87373      -17.1434456644 
             26645.0             55000.0                 5.0                 0.0     0.0349065850399      -53256.4502241       1.03739994111      -115701.119348       1.34495402449      -2021160.87373      -17.1434456644 
             26645.0             45000.0                 5.5                 0.0     0.0349065850399      -62334.5969073      0.655552609684       -130936.14512     -0.155901767817      -2294538.64041      -13.3501918481 
             26645.0             50000.0                 5.5                 0.0     0.0349065850399      -62334.5969073      0.655552609684       -130936.14512     -0.155901767817      -2294538.64041      -13.3501918481 
             26645.0             55000.0                 5.5                 0.0     0.0349065850399      -62334.5969073      0.655552609684       -130936.14512     -0.155901767817      -2294538.64041      -13.3501918481 
             26645.0             45000.0                 4.5                 0.0     0.0523598775598      -49591.7096173      -1.52668052966      -132970.057816       2.96642115331      -2272688.60214       21.2913423866 
             26645.0             50000.0                 4.5                 0.0     0.0523598775598      -49591.7096173      -1.52668052966      -132970.057816       2.96642115331      -2272688.60214       21.2913423866 
             26645.0             55000.0                 4.5                 0.0     0.0523598775598      -49591.7096173      -1.52668052966      -132970.057816       2.96642115331      -2272688.60214       21.2913423866 
             26645.0             45000.0                 5.0                 0.0     0.0523598775598      -58610.2240997      0.969551658632      -151945.603592      0.190592479414      -2601291.42437      -14.9512226575 
             26645.0             50000.0                 5.0                 0.0     0.0523598775598      -58610.2240997      0.969551658632      -151945.603592      0.190592479414      -2601291.42437      -14.9512226575 
             26645.0             55000.0                 5.0                 0.0     0.0523598775598      -58610.2240997      0.969551658632      -151945.603592      0.190592479414      -2601291.42437      -14.9512226575 
             26645.0             45000.0                 5.5                 0.0     0.0523598775598      -68489.1897823     -0.709767930314      -171869.400953      0.464112995698      -2947397.01543       12.0003395446 
             26645.0             50000.0                 5.5                 0.0     0.0523598775598      -68489.1897823     -0.709767930314      -171869.400953      0.464112995698      -2947397.01543       12.0003395446 
             26645.0             55000.0                 5.5                 0.0     0.0523598775598      -68489.1897823     -0.709767930314      -171869.400953      0.464112995698      -2947397.01543       12.0003395446 