5.719      239.20	   2.653e+3    2.804       10677.
5.449		259.98	   3.495e+3    2.809       12227.
5.182	   283.15	   4.535e+3    2.823       13612.
4.915		309.35	   5.791e+3    2.830       15049. 
4.648		339.08	   7.278e+3    2.839       14818. 
6.663		242.46	   2.040e+3    2.959       9802.  
 6.281		267.27	   2.801e+3    2.914       12141.
 5.931		295.65	   3.766e+3    2.916       14254.
 5.582	   328.56	   4.956e+3    2.918       16270.
 5.234	   366.67      6.386e+3     2.919       18067.
 6.663		242.46	   2.040e+3    2.959       9802.
 6.281		267.27	   2.801e+3    2.914       12141.
 5.931	   295.65	   3.766e+3    2.916       14254.
 5.582		328.56	   4.956e+3    2.918       16270. 
 5.234		366.67	   6.386e+3    2.919       18067. 
 7.534		245.77	   1.635e+3    2.995       9796.  
 7.078		274.88	   2.336e+3    2.966       12281.
 6.642		309.04	   3.249e+3    2.934       14903.
 6.199	   349.57	   4.394e+3    2.900       17456.
 5.762     397.34	   5.787e+3     2.864       19786.
7.534		245.77	   1.635e+3    2.995       9796.
 7.087		274.88	   2.336e+3    2.920       12281.
 6.642	   309.04	   3.249e+3    2.934       14903.
 6.199		349.57	   4.394e+3    2.900       17456. 
 5.762		397.34	   5.787e+3    2.864       19786. 
 9.298		252.59	   1.146e+3    3.396       8232.  
 8.623		291.11	   1.767e+3    3.357       10923.
 7.950		338.67	   2.612e+3    3.305       13681.
 7.289	   397.36	   3.704e+3    3.241       16315.
 6.657     468.38	   5.054e+3     3.168       18682.
 9.298		252.59	   1.146e+3    3.396       8232.
 8.623		291.11	   1.767e+3    3.357       10923.
 7.950	   338.67	   2.612e+3    3.305       13681.
 7.289		397.36	   3.704e+3    3.241       16315. 
 6.657		468.38     5.054e+3    3.168       18682. 
 11.011		259.66	   0.870e+3    3.817       6659.  
 10.057		308.84	   1.441e+3    3.766       9466.
 9.111		372.43	   2.247e+3    3.705       12585.
 8.204	   453.33	   3.310e+3    3.620       15094.
 7.367	   552.98      4.638e+3     3.518       17272.
 11.011	   259.66	   0.870e+3    3.871       6659.
 10.057		308.84	   1.441e+3    3.766       9466.
 9.111	   372.43	   2.247e+3    3.705       12585.
 8.204		453.33	   3.310e+3    3.620       15094. 
 7.367		552.98	   4.638e+3    3.518       17272. 
 12.673		267.00	   0.698e+3    4.252       5582.  
 11.390		328.22	   1.236e+3    4.182       8259.
 10.133		410.63	   2.017e+3    4.095       11206.
 8.965	   517.92	   3.063e+3    4.001       14001.
 7.929     651.62	   4.379e+3     3.848       16233.
 
 
 
 
 
 
 
 
 
 
 
 
 
 
 
 
 
 
 
 
 
 
 
 
 
 
 
 
 
 
 
 
 
 
 
 
 
 
 
 
 
 
 
 
 
 
 
 
 
 
 
 
 
 
 
 
 
 
 
 
 
 
 
 
 
 
 
 
 
 
 
 
 
 
 
 
 
 
 
 
 
 
 
 
 
 
 
 
 
 
 
 
 
 
 
 
 
 