32250	0	2700	12.7	263.07
32250	0	2750	12.9	266.44
32250	0	2800	12.8	269.74
32250	0	2850	13	272.92
32250	0	2900	13.2	276.04
32250	0	2950	13.2	279.07
32250	0.1	2700	12.7	264
32250	0.1	2750	12.8	267.45
32250	0.1	2800	12.9	270.76
32250	0.1	2850	12.9	273.98
32250	0.1	2900	13.1	277.12
32250	0.1	2950	13.3	280.16
32250	0.2	2700	12.6	264.98
32250	0.2	2750	12.8	268.42
32250	0.2	2800	12.8	271.78
32250	0.2	2850	12.9	275.03
32250	0.2	2900	13	278.22
32250	0.2	2950	13.1	281.25
32250	0.3	2700	12.5	265.91
32250	0.3	2750	12.7	269.41
32250	0.3	2800	12.7	272.78
32250	0.3	2850	12.9	276.08
32250	0.3	2900	12.9	279.26
32250	0.3	2950	12.9	282.36
32250	0.4	2700	12.4	266.84
32250	0.4	2750	12.5	270.35
32250	0.4	2800	12.7	273.78
32250	0.4	2850	12.8	277.12
32250	0.4	2900	12.9	280.35
32250	0.4	2950	12.9	283.49
32250	0.5	2700	12.4	267.83
32250	0.5	2750	12.4	271.34
32250	0.5	2800	12.6	274.77
32250	0.5	2850	12.7	278.16
32250	0.5	2900	12.7	281.4
32250	0.5	2950	12.9	284.59
32250	0.6	2700	12.1	268.77
32250	0.6	2750	12.4	272.28
32250	0.6	2800	12.5	275.76
32250	0.6	2850	12.6	279.16
32250	0.6	2900	12.7	282.45
32250	0.6	2950	12.8	285.69
32250	0.7	2700	11.9	269.75
32250	0.7	2750	12.1	273.28
32250	0.7	2800	12.4	276.78
32250	0.7	2850	12.5	280.21
32250	0.7	2900	12.5	283.52
32250	0.7	2950	12.7	286.76
32250	0.8	2700	11.8	270.71
32250	0.8	2750	11.9	274.29
32250	0.8	2800	12.1	277.8
32250	0.8	2850	12.2	281.21
32250	0.8	2900	12.5	284.58
32250	0.8	2950	12.6	287.89
32250	0.9	2700	11.8	271.72
32250	0.9	2750	11.9	275.34
32250	0.9	2800	11.9	278.84
32250	0.9	2850	12	282.28
32250	0.9	2900	12.4	285.68
32250	0.9	2950	12.5	288.97
32250	1	2700	11.7	272.75
32250	1	2750	11.7	276.36
32250	1	2800	11.8	279.9
32250	1	2850	11.9	283.37
32250	1	2900	12.1	286.69
32250	1	2950	12.4	289.95
32250	1.1	2700	11.7	273.74
32250	1.1	2750	11.7	277.42
32250	1.1	2800	11.8	280.91
32250	1.1	2850	11.8	284.35
32250	1.1	2900	12	287.71
32250	1.1	2950	12.1	290.94
32250	1.2	2700	11.5	274.73
32250	1.2	2750	11.6	278.38
32250	1.2	2800	11.7	281.89
32250	1.2	2850	11.7	285.33
32250	1.2	2900	11.9	288.7
32250	1.2	2950	12	291.99
32250	1.3	2700	11.5	275.64
32250	1.3	2750	11.5	279.3
32250	1.3	2800	11.6	282.84
32250	1.3	2850	11.6	286.32
32250	1.3	2900	11.8	289.72
32250	1.3	2950	11.8	293
32250	1.4	2700	11.4	276.56
32250	1.4	2750	11.4	280.2
32250	1.4	2800	11.5	283.83
32250	1.4	2850	11.6	287.35
32250	1.4	2900	11.6	290.74
32250	1.4	2950	11.7	294.08
32250	1.5	2700	11.4	277.41
32250	1.5	2750	11.4	281.12
32250	1.5	2800	11.5	284.76
32250	1.5	2850	11.5	288.31
32250	1.5	2900	11.6	291.77
32250	1.5	2950	11.6	295.13
32250	1.6	2700	11.3	278.26
32250	1.6	2750	11.3	282.01
32250	1.6	2800	11.4	285.72
32250	1.6	2850	11.5	289.29
32250	1.6	2900	11.5	292.81
32250	1.6	2950	11.6	296.19
32250	1.7	2700	11.2	279.12
32250	1.7	2750	11.3	282.87
32250	1.7	2800	11.4	286.64
32250	1.7	2850	11.4	290.24
32250	1.7	2900	11.4	293.78
32250	1.7	2950	11.5	297.26
32250	1.8	2700	11	279.99
32250	1.8	2750	10.9	283.79
32250	1.8	2800	11.3	287.54
32250	1.8	2850	11.3	291.19
32250	1.8	2900	11.4	294.81
32250	1.8	2950	11.4	298.28
32250	1.9	2700	10.8	280.91
32250	1.9	2750	10.9	284.74
32250	1.9	2800	11	288.47
32250	1.9	2850	11.2	292.15
32250	1.9	2900	11.3	295.79
32250	1.9	2950	11.3	299.31
32250	2	2700	10.8	281.81
32250	2	2750	10.7	285.66
32250	2	2800	10.8	289.41
32250	2	2850	10.9	293.13
32250	2	2900	11.2	296.77
32250	2	2950	11.3	300.35
32250	2.1	2700	10.5	282.74
32250	2.1	2750	10.7	286.62
32250	2.1	2800	10.7	290.39
32250	2.1	2850	10.8	294.13
32250	2.1	2900	11	297.76
32250	2.1	2950	11.2	301.37
32250	2.2	2700	10.4	283.65
32250	2.2	2750	10.6	287.54
32250	2.2	2800	10.7	291.37
32250	2.2	2850	10.7	295.16
32250	2.2	2900	10.7	298.78
32250	2.2	2950	11.1	302.3
32250	2.3	2700	10.4	284.61
32250	2.3	2750	10.4	288.51
32250	2.3	2800	10.5	292.38
32250	2.3	2850	10.6	296.11
32250	2.3	2900	10.6	299.7
32250	2.3	2950	10.8	303.26
32250	2.4	2700	10.1	285.56
32250	2.4	2750	10.4	289.48
32250	2.4	2800	10.4	293.31
32250	2.4	2850	10.4	296.99
32250	2.4	2900	10.5	300.63
32250	2.4	2950	10.6	304.19
32250	2.5	2700	10.1	286.5
32250	2.5	2750	10.1	290.38
32250	2.5	2800	10.3	294.18
32250	2.5	2850	10.3	297.86
32250	2.5	2900	10.4	301.57
32250	2.5	2950	10.6	305.13
32250	2.6	2700	10	287.32
32250	2.6	2750	10	291.23
32250	2.6	2800	10.1	295.06
32250	2.6	2850	10.3	298.79
32250	2.6	2900	10.3	302.46
32250	2.6	2950	10.4	306.09
32250	2.7	2700	10.1	288.02
32250	2.7	2750	10	292.08
32250	2.7	2800	10	295.95
32250	2.7	2850	10	299.69
32250	2.7	2900	10	303.39
32250	2.7	2950	10.1	307.03
32250	2.8	2700	10.1	288.71
32250	2.8	2750	10.1	292.79
32250	2.8	2800	10.1	296.66
32250	2.8	2850	10	300.63
32250	2.8	2900	10	304.38
32250	2.8	2950	10.2	308.03
32250	2.9	2700	10.1	289.34
32250	2.9	2750	10.1	293.5
32250	2.9	2800	10.1	297.46
32250	2.9	2850	10.1	301.39
32250	2.9	2900	10	305.31
32250	2.9	2950	10	309.03
32250	3	2700	10.2	289.64
32250	3	2750	10.1	294.08
32250	3	2800	10.1	298.16
32250	3	2850	10.1	302.17
32250	3	2900	10.1	306.07
32250	3	2950	10.1	309.93
32750	0	2700	13	265.51
32750	0	2750	13.1	268.98
32750	0	2800	13.2	272.38
32750	0	2850	13.2	275.64
32750	0	2900	13.4	278.87
32750	0	2950	13.4	281.95
32750	0.1	2700	12.9	266.47
32750	0.1	2750	13.1	269.96
32750	0.1	2800	13.2	273.39
32750	0.1	2850	13.2	276.68
32750	0.1	2900	13.3	279.93
32750	0.1	2950	13.5	283.09
32750	0.2	2700	12.8	267.39
32750	0.2	2750	12.9	270.96
32750	0.2	2800	13.1	274.4
32750	0.2	2850	13.2	277.73
32750	0.2	2900	13.2	281.02
32750	0.2	2950	13.4	284.19
32750	0.3	2700	12.8	268.35
32750	0.3	2750	12.8	271.93
32750	0.3	2800	12.9	275.37
32750	0.3	2850	13	278.79
32750	0.3	2900	13.2	282.08
32750	0.3	2950	13.2	285.28
32750	0.4	2700	12.4	269.29
32750	0.4	2750	12.8	272.9
32750	0.4	2800	12.9	276.37
32750	0.4	2850	13	279.82
32750	0.4	2900	13.1	283.15
32750	0.4	2950	13.2	286.4
32750	0.5	2700	12.3	270.3
32750	0.5	2750	12.5	273.89
32750	0.5	2800	12.6	277.38
32750	0.5	2850	12.9	280.87
32750	0.5	2900	13	284.23
32750	0.5	2950	13.2	287.5
32750	0.6	2700	12.3	271.29
32750	0.6	2750	12.4	274.91
32750	0.6	2800	12.5	278.42
32750	0.6	2850	12.8	281.9
32750	0.6	2900	12.9	285.28
32750	0.6	2950	13.1	288.61
32750	0.7	2700	12.1	272.29
32750	0.7	2750	12.3	275.93
32750	0.7	2800	12.3	279.47
32750	0.7	2850	12.5	282.96
32750	0.7	2900	12.8	286.36
32750	0.7	2950	12.9	289.73
32750	0.8	2700	12	273.29
32750	0.8	2750	12.2	276.95
32750	0.8	2800	12.3	280.54
32750	0.8	2850	12.4	284.03
32750	0.8	2900	12.5	287.44
32750	0.8	2950	12.8	290.82
32750	0.9	2700	11.9	274.3
32750	0.9	2750	12	278
32750	0.9	2800	12.1	281.62
32750	0.9	2850	12.2	285.13
32750	0.9	2900	12.4	288.6
32750	0.9	2950	12.5	291.92
32750	1	2700	11.9	275.34
32750	1	2750	12	279.05
32750	1	2800	12	282.68
32750	1	2850	12.2	286.23
32750	1	2900	12.2	289.67
32750	1	2950	12.3	292.96
32750	1.1	2700	11.8	276.36
32750	1.1	2750	11.9	280.1
32750	1.1	2800	12	283.71
32750	1.1	2850	12	287.22
32750	1.1	2900	12.1	290.66
32750	1.1	2950	12.2	294.01
32750	1.2	2700	11.8	277.32
32750	1.2	2750	11.8	281.06
32750	1.2	2800	11.9	284.67
32750	1.2	2850	12	288.21
32750	1.2	2900	12.1	291.66
32750	1.2	2950	12.2	295.04
32750	1.3	2700	11.7	278.19
32750	1.3	2750	11.8	281.94
32750	1.3	2800	11.8	285.62
32750	1.3	2850	11.9	289.21
32750	1.3	2900	11.9	292.69
32750	1.3	2950	12.1	296.12
32750	1.4	2700	11.7	279.03
32750	1.4	2750	11.7	282.8
32750	1.4	2800	11.8	286.54
32750	1.4	2850	11.8	290.19
32750	1.4	2900	11.9	293.7
32750	1.4	2950	12	297.17
32750	1.5	2700	11.4	279.93
32750	1.5	2750	11.6	283.72
32750	1.5	2800	11.7	287.48
32750	1.5	2850	11.8	291.15
32750	1.5	2900	11.8	294.7
32750	1.5	2950	11.9	298.22
32750	1.6	2700	11.3	280.79
32750	1.6	2750	11.3	284.6
32750	1.6	2800	11.6	288.38
32750	1.6	2850	11.7	292.08
32750	1.6	2900	11.8	295.72
32750	1.6	2950	11.8	299.24
32750	1.7	2700	11.2	281.71
32750	1.7	2750	11.2	285.53
32750	1.7	2800	11.3	289.32
32750	1.7	2850	11.6	293.04
32750	1.7	2900	11.6	296.68
32750	1.7	2950	11.8	300.27
32750	1.8	2700	11	282.62
32750	1.8	2750	11	286.45
32750	1.8	2800	11.2	290.28
32750	1.8	2850	11.3	294.01
32750	1.8	2900	11.4	297.69
32750	1.8	2950	11.7	301.31
32750	1.9	2700	11	283.52
32750	1.9	2750	11	287.44
32750	1.9	2800	11.1	291.24
32750	1.9	2850	11.1	295
32750	1.9	2900	11.3	298.71
32750	1.9	2950	11.6	302.3
32750	2	2700	10.8	284.44
32750	2	2750	11	288.37
32750	2	2800	11	292.22
32750	2	2850	11	296.02
32750	2	2900	11.1	299.74
32750	2	2950	11.2	303.35
32750	2.1	2700	10.6	285.32
32750	2.1	2750	10.8	289.29
32750	2.1	2800	10.8	293.18
32750	2.1	2850	10.9	297.05
32750	2.1	2900	11.1	300.76
32750	2.1	2950	11.1	304.45
32750	2.2	2700	10.4	286.27
32750	2.2	2750	10.7	290.27
32750	2.2	2800	10.7	294.16
32750	2.2	2850	10.8	298.08
32750	2.2	2900	10.9	301.82
32750	2.2	2950	11	305.43
32750	2.3	2700	10.4	287.26
32750	2.3	2750	10.4	291.23
32750	2.3	2800	10.7	295.18
32750	2.3	2850	10.7	299.06
32750	2.3	2900	10.8	302.73
32750	2.3	2950	10.8	306.37
32750	2.4	2700	10.4	288.19
32750	2.4	2750	10.4	292.25
32750	2.4	2800	10.4	296.16
32750	2.4	2850	10.5	299.91
32750	2.4	2900	10.7	303.65
32750	2.4	2950	10.8	307.32
32750	2.5	2700	10.4	289.06
32750	2.5	2750	10.4	293.1
32750	2.5	2800	10.4	297.05
32750	2.5	2850	10.4	300.86
32750	2.5	2900	10.4	304.58
32750	2.5	2950	10.7	308.28
32750	2.6	2700	10.5	289.64
32750	2.6	2750	10.4	293.83
32750	2.6	2800	10.4	297.82
32750	2.6	2850	10.4	301.7
32750	2.6	2900	10.4	305.54
32750	2.6	2950	10.4	309.24
32750	2.7	2700	10.5	290.21
32750	2.7	2750	10.5	294.36
32750	2.7	2800	10.4	298.58
32750	2.7	2850	10.4	302.51
32750	2.7	2900	10.4	306.4
32750	2.7	2950	10.5	310.18
32750	2.8	2700	10.5	290.71
32750	2.8	2750	10.5	294.97
32750	2.8	2800	10.5	299.11
32750	2.8	2850	10.4	303.34
32750	2.8	2900	10.4	307.28
32750	2.8	2950	10.4	311.11
32750	2.9	2700	10.6	290.84
32750	2.9	2750	10.5	295.49
32750	2.9	2800	10.5	299.69
32750	2.9	2850	10.5	303.87
32750	2.9	2900	10.5	307.91
32750	2.9	2950	10.4	312.01
32750	3	2700	10.6	291.22
32750	3	2750	10.6	295.63
32750	3	2800	10.5	300.25
32750	3	2850	10.5	304.46
32750	3	2900	10.5	308.58
32750	3	2950	10.5	312.62
33250	0	2700	13.2	267.97
33250	0	2750	13.4	271.5
33250	0	2800	13.4	275
33250	0	2850	13.5	278.36
33250	0	2900	13.6	281.68
33250	0	2950	13.9	284.9
33250	0.1	2700	13.1	268.9
33250	0.1	2750	13.3	272.5
33250	0.1	2800	13.3	275.99
33250	0.1	2850	13.5	279.43
33250	0.1	2900	13.6	282.77
33250	0.1	2950	13.7	286.01
33250	0.2	2700	13	269.85
33250	0.2	2750	13.2	273.47
33250	0.2	2800	13.3	277.02
33250	0.2	2850	13.4	280.46
33250	0.2	2900	13.5	283.85
33250	0.2	2950	13.7	287.12
33250	0.3	2700	12.8	270.87
33250	0.3	2750	12.9	274.49
33250	0.3	2800	13.2	278
33250	0.3	2850	13.3	281.5
33250	0.3	2900	13.5	284.92
33250	0.3	2950	13.5	288.21
33250	0.4	2700	12.6	271.85
33250	0.4	2750	12.7	275.49
33250	0.4	2800	12.8	279.02
33250	0.4	2850	13.2	282.55
33250	0.4	2900	13.3	285.96
33250	0.4	2950	13.4	289.32
33250	0.5	2700	12.6	272.87
33250	0.5	2750	12.6	276.51
33250	0.5	2800	12.9	280.09
33250	0.5	2850	12.9	283.62
33250	0.5	2900	13.2	287.06
33250	0.5	2950	13.3	290.44
33250	0.6	2700	12.4	273.89
33250	0.6	2750	12.5	277.53
33250	0.6	2800	12.6	281.15
33250	0.6	2850	12.8	284.71
33250	0.6	2900	12.9	288.15
33250	0.6	2950	13.3	291.56
33250	0.7	2700	12.3	274.89
33250	0.7	2750	12.5	278.58
33250	0.7	2800	12.5	282.24
33250	0.7	2850	12.7	285.79
33250	0.7	2900	12.7	289.27
33250	0.7	2950	12.9	292.71
33250	0.8	2700	12.3	275.9
33250	0.8	2750	12.3	279.62
33250	0.8	2800	12.4	283.33
33250	0.8	2850	12.6	286.89
33250	0.8	2900	12.7	290.42
33250	0.8	2950	12.8	293.84
33250	0.9	2700	12.2	276.92
33250	0.9	2750	12.2	280.67
33250	0.9	2800	12.4	284.4
33250	0.9	2850	12.4	287.99
33250	0.9	2900	12.5	291.54
33250	0.9	2950	12.8	294.98
33250	1	2700	12.1	277.87
33250	1	2750	12.2	281.71
33250	1	2800	12.3	285.47
33250	1	2850	12.4	289.12
33250	1	2900	12.5	292.65
33250	1	2950	12.5	296.05
33250	1.1	2700	12.1	278.87
33250	1.1	2750	12.2	282.77
33250	1.1	2800	12.2	286.47
33250	1.1	2850	12.2	290.08
33250	1.1	2900	12.3	293.65
33250	1.1	2950	12.4	297.09
33250	1.2	2700	11.8	279.81
33250	1.2	2750	12.1	283.63
33250	1.2	2800	12.1	287.4
33250	1.2	2850	12.2	291.09
33250	1.2	2900	12.3	294.68
33250	1.2	2950	12.3	298.13
33250	1.3	2700	11.7	280.73
33250	1.3	2750	12	284.52
33250	1.3	2800	12.1	288.3
33250	1.3	2850	12.2	292.04
33250	1.3	2900	12.2	295.63
33250	1.3	2950	12.3	299.2
33250	1.4	2700	11.6	281.59
33250	1.4	2750	11.7	285.45
33250	1.4	2800	11.8	289.23
33250	1.4	2850	12.1	292.98
33250	1.4	2900	12.2	296.63
33250	1.4	2950	12.2	300.24
33250	1.5	2700	11.5	282.52
33250	1.5	2750	11.6	286.36
33250	1.5	2800	11.6	290.16
33250	1.5	2850	12	293.93
33250	1.5	2900	12	297.61
33250	1.5	2950	12.1	301.26
33250	1.6	2700	11.3	283.41
33250	1.6	2750	11.4	287.27
33250	1.6	2800	11.6	291.14
33250	1.6	2850	11.6	294.88
33250	1.6	2900	11.7	298.59
33250	1.6	2950	12.1	302.27
33250	1.7	2700	11.2	284.31
33250	1.7	2750	11.4	288.23
33250	1.7	2800	11.3	292.1
33250	1.7	2850	11.5	295.88
33250	1.7	2900	11.7	299.63
33250	1.7	2950	11.7	303.28
33250	1.8	2700	11.2	285.21
33250	1.8	2750	11.2	289.15
33250	1.8	2800	11.3	293.07
33250	1.8	2850	11.4	296.88
33250	1.8	2900	11.5	300.66
33250	1.8	2950	11.6	304.34
33250	1.9	2700	11.1	286.13
33250	1.9	2750	11.1	290.12
33250	1.9	2800	11.2	294.04
33250	1.9	2850	11.3	297.9
33250	1.9	2900	11.4	301.7
33250	1.9	2950	11.4	305.4
33250	2	2700	10.8	287.06
33250	2	2750	11.1	291.09
33250	2	2800	11.1	295.03
33250	2	2850	11.2	298.92
33250	2	2900	11.3	302.75
33250	2	2950	11.4	306.49
33250	2.1	2700	10.8	288.01
33250	2.1	2750	10.8	292.03
33250	2.1	2800	10.8	296
33250	2.1	2850	11.1	299.94
33250	2.1	2900	11.1	303.77
33250	2.1	2950	11.3	307.58
33250	2.2	2700	10.7	288.93
33250	2.2	2750	10.7	293
33250	2.2	2800	10.8	297.01
33250	2.2	2850	10.8	300.98
33250	2.2	2900	11.1	304.83
33250	2.2	2950	11.2	308.55
33250	2.3	2700	10.7	289.84
33250	2.3	2750	10.7	293.97
33250	2.3	2800	10.7	298.03
33250	2.3	2850	10.8	302
33250	2.3	2900	10.8	305.76
33250	2.3	2950	10.8	309.51
33250	2.4	2700	10.8	290.51
33250	2.4	2750	10.8	294.71
33250	2.4	2800	10.8	298.84
33250	2.4	2850	10.8	302.8
33250	2.4	2900	10.8	306.68
33250	2.4	2950	10.8	310.48
33250	2.5	2700	10.9	291.03
33250	2.5	2750	10.9	295.31
33250	2.5	2800	10.8	299.59
33250	2.5	2850	10.8	303.62
33250	2.5	2900	10.8	307.49
33250	2.5	2950	10.7	311.44
33250	2.6	2700	10.9	291.54
33250	2.6	2750	10.9	295.83
33250	2.6	2800	10.9	300.06
33250	2.6	2850	10.8	304.33
33250	2.6	2900	10.8	308.37
33250	2.6	2950	10.8	312.26
33250	2.7	2700	11	291.56
33250	2.7	2750	10.9	296.3
33250	2.7	2800	10.9	300.6
33250	2.7	2850	10.9	304.82
33250	2.7	2900	10.8	309.13
33250	2.7	2950	10.8	313.11
33250	2.8	2700	11	291.92
33250	2.8	2750	11	296.42
33250	2.8	2800	10.9	301.11
33250	2.8	2850	10.9	305.37
33250	2.8	2900	10.9	309.61
33250	2.8	2950	10.8	313.88
33250	2.9	2700	11	292.25
33250	2.9	2750	11	296.76
33250	2.9	2800	11	301.18
33250	2.9	2850	10.9	305.91
33250	2.9	2900	10.9	310.17
33250	2.9	2950	10.9	314.35
33250	3	2700	11.1	292.05
33250	3	2750	11	297.11
33250	3	2800	11	301.62
33250	3	2850	11	306.09
33250	3	2900	10.9	310.72
33250	3	2950	10.9	314.98
33750	0	2700	13.3	270.44
33750	0	2750	13.6	274.06
33750	0	2800	13.7	277.65
33750	0	2850	13.8	281.09
33750	0	2900	14	284.5
33750	0	2950	14	287.83
33750	0.1	2700	13.1	271.43
33750	0.1	2750	13.2	275.06
33750	0.1	2800	13.6	278.64
33750	0.1	2850	13.7	282.14
33750	0.1	2900	13.7	285.58
33750	0.1	2950	13.9	288.94
33750	0.2	2700	13	272.41
33750	0.2	2750	13.2	276.11
33750	0.2	2800	13.3	279.67
33750	0.2	2850	13.5	283.18
33750	0.2	2900	13.8	286.66
33750	0.2	2950	13.9	290.04
33750	0.3	2700	12.8	273.4
33750	0.3	2750	13.1	277.13
33750	0.3	2800	13.1	280.73
33750	0.3	2850	13.3	284.28
33750	0.3	2900	13.4	287.75
33750	0.3	2950	13.7	291.14
33750	0.4	2700	12.8	274.43
33750	0.4	2750	12.9	278.16
33750	0.4	2800	13	281.79
33750	0.4	2850	13.1	285.37
33750	0.4	2900	13.2	288.83
33750	0.4	2950	13.7	292.25
33750	0.5	2700	12.7	275.45
33750	0.5	2750	12.9	279.18
33750	0.5	2800	13	282.84
33750	0.5	2850	13	286.46
33750	0.5	2900	13.1	289.96
33750	0.5	2950	13.3	293.39
33750	0.6	2700	12.6	276.47
33750	0.6	2750	12.7	280.22
33750	0.6	2800	12.8	283.89
33750	0.6	2850	12.9	287.56
33750	0.6	2900	13.1	291.08
33750	0.6	2950	13.2	294.58
33750	0.7	2700	12.6	277.47
33750	0.7	2750	12.6	281.27
33750	0.7	2800	12.7	285.02
33750	0.7	2850	12.8	288.66
33750	0.7	2900	12.9	292.23
33750	0.7	2950	13	295.75
33750	0.8	2700	12.5	278.44
33750	0.8	2750	12.6	282.32
33750	0.8	2800	12.6	286.09
33750	0.8	2850	12.8	289.76
33750	0.8	2900	12.8	293.36
33750	0.8	2950	13	296.91
33750	0.9	2700	12.5	279.43
33750	0.9	2750	12.5	283.33
33750	0.9	2800	12.6	287.18
33750	0.9	2850	12.7	290.88
33750	0.9	2900	12.7	294.53
33750	0.9	2950	12.8	298.09
33750	1	2700	12.2	280.39
33750	1	2750	12.5	284.34
33750	1	2800	12.6	288.2
33750	1	2850	12.6	291.94
33750	1	2900	12.7	295.61
33750	1	2950	12.7	299.1
33750	1.1	2700	12.1	281.42
33750	1.1	2750	12.1	285.34
33750	1.1	2800	12.5	289.17
33750	1.1	2850	12.5	292.91
33750	1.1	2900	12.6	296.57
33750	1.1	2950	12.7	300.18
33750	1.2	2700	11.9	282.4
33750	1.2	2750	12.1	286.3
33750	1.2	2800	12.2	290.09
33750	1.2	2850	12.5	293.85
33750	1.2	2900	12.5	297.57
33750	1.2	2950	12.6	301.19
33750	1.3	2700	11.9	283.3
33750	1.3	2750	11.9	287.22
33750	1.3	2800	12	291.05
33750	1.3	2850	12.1	294.84
33750	1.3	2900	12.4	298.53
33750	1.3	2950	12.5	302.21
33750	1.4	2700	11.7	284.21
33750	1.4	2750	11.8	288.13
33750	1.4	2800	11.9	291.98
33750	1.4	2850	12	295.8
33750	1.4	2900	12.1	299.53
33750	1.4	2950	12.2	303.2
33750	1.5	2700	11.7	285.1
33750	1.5	2750	11.7	289.06
33750	1.5	2800	11.8	292.98
33750	1.5	2850	11.8	296.78
33750	1.5	2900	12	300.53
33750	1.5	2950	12.1	304.27
33750	1.6	2700	11.5	286.01
33750	1.6	2750	11.7	289.98
33750	1.6	2800	11.7	293.93
33750	1.6	2850	11.7	297.79
33750	1.6	2900	11.9	301.59
33750	1.6	2950	11.9	305.31
33750	1.7	2700	11.3	286.88
33750	1.7	2750	11.5	290.89
33750	1.7	2800	11.6	294.88
33750	1.7	2850	11.7	298.79
33750	1.7	2900	11.8	302.6
33750	1.7	2950	11.9	306.38
33750	1.8	2700	11.1	287.82
33750	1.8	2750	11.4	291.86
33750	1.8	2800	11.3	295.84
33750	1.8	2850	11.6	299.78
33750	1.8	2900	11.6	303.66
33750	1.8	2950	11.8	307.44
33750	1.9	2700	11.1	288.77
33750	1.9	2750	11.1	292.85
33750	1.9	2800	11.2	296.85
33750	1.9	2850	11.5	300.78
33750	1.9	2900	11.5	304.71
33750	1.9	2950	11.6	308.52
33750	2	2700	11	289.68
33750	2	2750	11.1	293.83
33750	2	2800	11.1	297.82
33750	2	2850	11.2	301.83
33750	2	2900	11.4	305.72
33750	2	2950	11.5	309.58
33750	2.1	2700	11.1	290.51
33750	2.1	2750	11.1	294.71
33750	2.1	2800	11.1	298.81
33750	2.1	2850	11.1	302.87
33750	2.1	2900	11.2	306.79
33750	2.1	2950	11.4	310.68
33750	2.2	2700	11.1	291.28
33750	2.2	2750	11.1	295.56
33750	2.2	2800	11.1	299.76
33750	2.2	2850	11.1	303.88
33750	2.2	2900	11.1	307.87
33750	2.2	2950	11.1	311.66
33750	2.3	2700	11.2	291.83
33750	2.3	2750	11.2	296.19
33750	2.3	2800	11.2	300.52
33750	2.3	2850	11.2	304.67
33750	2.3	2900	11.1	308.77
33750	2.3	2950	11.1	312.67
33750	2.4	2700	11.3	292.18
33750	2.4	2750	11.3	296.65
33750	2.4	2800	11.3	300.99
33750	2.4	2850	11.2	305.39
33750	2.4	2900	11.2	309.46
33750	2.4	2950	11.2	313.46
33750	2.5	2700	11.4	292.29
33750	2.5	2750	11.3	297.14
33750	2.5	2800	11.3	301.54
33750	2.5	2850	11.3	305.8
33750	2.5	2900	11.2	310.18
33750	2.5	2950	11.2	314.27
33750	2.6	2700	11.4	292.61
33750	2.6	2750	11.4	297.15
33750	2.6	2800	11.4	301.63
33750	2.6	2850	11.3	306.32
33750	2.6	2900	11.3	310.61
33750	2.6	2950	11.2	315
33750	2.7	2700	11.5	292.51
33750	2.7	2750	11.4	297.52
33750	2.7	2800	11.4	302.03
33750	2.7	2850	11.3	306.82
33750	2.7	2900	11.3	311.2
33750	2.7	2950	11.3	315.42
33750	2.8	2700	11.5	292.66
33750	2.8	2750	11.5	297.41
33750	2.8	2800	11.4	302.45
33750	2.8	2850	11.4	306.96
33750	2.8	2900	11.3	311.67
33750	2.8	2950	11.3	315.98
33750	2.9	2700	11.6	292.29
33750	2.9	2750	11.5	297.61
33750	2.9	2800	11.5	302.32
33750	2.9	2850	11.4	307.36
33750	2.9	2900	11.4	311.85
33750	2.9	2950	11.3	316.53
33750	3	2700	11.6	292.36
33750	3	2750	11.5	297.74
33750	3	2800	11.5	302.53
33750	3	2850	11.4	307.69
33750	3	2900	11.4	312.25
33750	3	2950	11.4	316.8
34250	0	2700	13.3	272.99
34250	0	2750	13.5	276.66
34250	0	2800	13.6	280.31
34250	0	2850	13.8	283.83
34250	0	2900	14.1	287.33
34250	0	2950	14.2	290.78
34250	0.1	2700	13.4	274
34250	0.1	2750	13.4	277.72
34250	0.1	2800	13.5	281.35
34250	0.1	2850	13.7	284.9
34250	0.1	2900	13.9	288.42
34250	0.1	2950	14.1	291.87
34250	0.2	2700	13.2	275
34250	0.2	2750	13.3	278.75
34250	0.2	2800	13.5	282.4
34250	0.2	2850	13.6	286.03
34250	0.2	2900	13.7	289.54
34250	0.2	2950	13.9	292.97
34250	0.3	2700	13.1	276
34250	0.3	2750	13.1	279.78
34250	0.3	2800	13.4	283.47
34250	0.3	2850	13.4	287.11
34250	0.3	2900	13.6	290.64
34250	0.3	2950	13.8	294.14
34250	0.4	2700	13	277.01
34250	0.4	2750	13.1	280.81
34250	0.4	2800	13.2	284.54
34250	0.4	2850	13.3	288.23
34250	0.4	2900	13.5	291.79
34250	0.4	2950	13.6	295.29
34250	0.5	2700	12.9	278.01
34250	0.5	2750	13.1	281.84
34250	0.5	2800	13	285.6
34250	0.5	2850	13.3	289.33
34250	0.5	2900	13.3	292.91
34250	0.5	2950	13.4	296.46
34250	0.6	2700	12.9	279.04
34250	0.6	2750	13	282.89
34250	0.6	2800	13	286.7
34250	0.6	2850	13.1	290.43
34250	0.6	2900	13.2	294.06
34250	0.6	2950	13.4	297.65
34250	0.7	2700	12.8	280
34250	0.7	2750	12.9	283.91
34250	0.7	2800	12.9	287.76
34250	0.7	2850	13.1	291.52
34250	0.7	2900	13.1	295.2
34250	0.7	2950	13.3	298.83
34250	0.8	2700	12.4	280.94
34250	0.8	2750	12.8	284.9
34250	0.8	2800	12.9	288.8
34250	0.8	2850	12.9	292.59
34250	0.8	2900	13.1	296.35
34250	0.8	2950	13.2	299.99
34250	0.9	2700	12.4	281.96
34250	0.9	2750	12.5	285.94
34250	0.9	2800	12.6	289.82
34250	0.9	2850	12.9	293.68
34250	0.9	2900	13	297.48
34250	0.9	2950	13	301.14
34250	1	2700	12.3	283
34250	1	2750	12.3	286.97
34250	1	2800	12.5	290.91
34250	1	2850	12.7	294.75
34250	1	2900	13	298.52
34250	1	2950	13	302.16
34250	1.1	2700	12.1	284.01
34250	1.1	2750	12.3	288.07
34250	1.1	2800	12.5	291.91
34250	1.1	2850	12.4	295.71
34250	1.1	2900	12.6	299.49
34250	1.1	2950	13	303.17
34250	1.2	2700	12.1	285.03
34250	1.2	2750	12.2	288.99
34250	1.2	2800	12.2	292.87
34250	1.2	2850	12.4	296.72
34250	1.2	2900	12.4	300.48
34250	1.2	2950	12.8	304.18
34250	1.3	2700	11.9	285.89
34250	1.3	2750	12.1	289.88
34250	1.3	2800	12.1	293.82
34250	1.3	2850	12.3	297.71
34250	1.3	2900	12.4	301.48
34250	1.3	2950	12.5	305.2
34250	1.4	2700	11.9	286.78
34250	1.4	2750	12	290.81
34250	1.4	2800	12	294.77
34250	1.4	2850	12.1	298.72
34250	1.4	2900	12.3	302.49
34250	1.4	2950	12.4	306.29
34250	1.5	2700	11.7	287.69
34250	1.5	2750	11.7	291.72
34250	1.5	2800	12	295.74
34250	1.5	2850	12.1	299.65
34250	1.5	2900	12.1	303.54
34250	1.5	2950	12.2	307.37
34250	1.6	2700	11.5	288.63
34250	1.6	2750	11.6	292.65
34250	1.6	2800	11.7	296.69
34250	1.6	2850	12	300.66
34250	1.6	2900	12	304.56
34250	1.6	2950	12.1	308.41
34250	1.7	2700	11.4	289.53
34250	1.7	2750	11.5	293.65
34250	1.7	2800	11.5	297.67
34250	1.7	2850	11.7	301.63
34250	1.7	2900	11.9	305.59
34250	1.7	2950	12	309.47
34250	1.8	2700	11.4	290.44
34250	1.8	2750	11.4	294.6
34250	1.8	2800	11.5	298.7
34250	1.8	2850	11.5	302.67
34250	1.8	2900	11.8	306.64
34250	1.8	2950	11.9	310.54
34250	1.9	2700	11.4	291.28
34250	1.9	2750	11.4	295.54
34250	1.9	2800	11.4	299.65
34250	1.9	2850	11.4	303.69
34250	1.9	2900	11.5	307.72
34250	1.9	2950	11.6	311.6
34250	2	2700	11.5	291.94
34250	2	2750	11.5	296.26
34250	2	2800	11.5	300.49
34250	2	2850	11.5	304.65
34250	2	2900	11.5	308.77
34250	2	2950	11.5	312.7
34250	2.1	2700	11.6	292.41
34250	2.1	2750	11.6	296.87
34250	2.1	2800	11.6	301.21
34250	2.1	2850	11.5	305.59
34250	2.1	2900	11.5	309.71
34250	2.1	2950	11.5	313.79
34250	2.2	2700	11.7	292.7
34250	2.2	2750	11.7	297.26
34250	2.2	2800	11.6	301.98
34250	2.2	2850	11.6	306.34
34250	2.2	2900	11.6	310.6
34250	2.2	2950	11.6	314.64
34250	2.3	2700	11.8	292.79
34250	2.3	2750	11.7	297.8
34250	2.3	2800	11.7	302.34
34250	2.3	2850	11.7	306.79
34250	2.3	2900	11.6	311.24
34250	2.3	2950	11.6	315.43
34250	2.4	2700	11.9	292.84
34250	2.4	2750	11.8	297.87
34250	2.4	2800	11.8	302.53
34250	2.4	2850	11.7	307.28
34250	2.4	2900	11.7	311.61
34250	2.4	2950	11.6	316.14
34250	2.5	2700	11.9	293.13
34250	2.5	2750	11.9	297.9
34250	2.5	2800	11.8	302.88
34250	2.5	2850	11.8	307.4
34250	2.5	2900	11.7	312.17
34250	2.5	2950	11.7	316.47
34250	2.6	2700	12	292.82
34250	2.6	2750	11.9	298.09
34250	2.6	2800	11.9	302.83
34250	2.6	2850	11.8	307.81
34250	2.6	2900	11.8	312.35
34250	2.6	2950	11.7	317.04
34250	2.7	2700	12	292.84
34250	2.7	2750	12	297.79
34250	2.7	2800	11.9	303.08
34250	2.7	2850	11.8	308.17
34250	2.7	2900	11.8	312.79
34250	2.7	2950	11.8	317.29
34250	2.8	2700	12.1	292.31
34250	2.8	2750	12	297.85
34250	2.8	2800	11.9	303.23
34250	2.8	2850	11.9	308.02
34250	2.8	2900	11.8	313.16
34250	2.8	2950	11.8	317.71
34250	2.9	2700	12.1	292.28
34250	2.9	2750	12	297.89
34250	2.9	2800	12	302.87
34250	2.9	2850	11.9	308.24
34250	2.9	2900	11.9	313.02
34250	2.9	2950	11.8	318.12
34250	3	2700	12.2	291.64
34250	3	2750	12.1	297.35
34250	3	2800	12	302.92
34250	3	2850	12	307.93
34250	3	2900	11.9	313.25
34250	3	2950	11.8	318.46
34750	0	2700	13.5	275.59
34750	0	2750	13.7	279.36
34750	0	2800	13.8	283.08
34750	0	2850	14	286.7
34750	0	2900	14.1	290.24
34750	0	2950	14.3	293.73
34750	0.1	2700	13.4	276.59
34750	0.1	2750	13.6	280.4
34750	0.1	2800	13.7	284.14
34750	0.1	2850	13.9	287.75
34750	0.1	2900	14	291.36
34750	0.1	2950	14.1	294.88
34750	0.2	2700	13.4	277.6
34750	0.2	2750	13.5	281.44
34750	0.2	2800	13.6	285.16
34750	0.2	2850	13.7	288.87
34750	0.2	2900	13.9	292.52
34750	0.2	2950	14	296.02
34750	0.3	2700	13.3	278.61
34750	0.3	2750	13.4	282.49
34750	0.3	2800	13.6	286.25
34750	0.3	2850	13.5	289.96
34750	0.3	2900	13.7	293.64
34750	0.3	2950	13.9	297.2
34750	0.4	2700	13.2	279.58
34750	0.4	2750	13.3	283.5
34750	0.4	2800	13.4	287.3
34750	0.4	2850	13.5	291.1
34750	0.4	2900	13.6	294.76
34750	0.4	2950	13.7	298.36
34750	0.5	2700	13.2	280.57
34750	0.5	2750	13.3	284.5
34750	0.5	2800	13.4	288.38
34750	0.5	2850	13.4	292.19
34750	0.5	2900	13.5	295.88
34750	0.5	2950	13.6	299.51
34750	0.6	2700	12.9	281.54
34750	0.6	2750	13.3	285.47
34750	0.6	2800	13.3	289.42
34750	0.6	2850	13.4	293.28
34750	0.6	2900	13.5	297
34750	0.6	2950	13.6	300.72
34750	0.7	2700	12.7	282.55
34750	0.7	2750	12.9	286.53
34750	0.7	2800	13.2	290.46
34750	0.7	2850	13.3	294.3
34750	0.7	2900	13.4	298.13
34750	0.7	2950	13.5	301.89
34750	0.8	2700	12.6	283.55
34750	0.8	2750	12.8	287.57
34750	0.8	2800	12.9	291.53
34750	0.8	2850	13	295.38
34750	0.8	2900	13.3	299.24
34750	0.8	2950	13.4	303.04
34750	0.9	2700	12.6	284.58
34750	0.9	2750	12.7	288.61
34750	0.9	2800	12.7	292.62
34750	0.9	2850	12.9	296.52
34750	0.9	2900	13.2	300.36
34750	0.9	2950	13.3	304.16
34750	1	2700	12.5	285.6
34750	1	2750	12.5	289.67
34750	1	2800	12.6	293.67
34750	1	2850	12.7	297.63
34750	1	2900	12.8	301.46
34750	1	2950	13	305.14
34750	1.1	2700	12.4	286.62
34750	1.1	2750	12.4	290.74
34750	1.1	2800	12.5	294.73
34750	1.1	2850	12.7	298.61
34750	1.1	2900	12.8	302.47
34750	1.1	2950	12.9	306.2
34750	1.2	2700	12.2	287.62
34750	1.2	2750	12.3	291.67
34750	1.2	2800	12.4	295.63
34750	1.2	2850	12.5	299.59
34750	1.2	2900	12.6	303.46
34750	1.2	2950	12.8	307.25
34750	1.3	2700	11.9	288.49
34750	1.3	2750	12.2	292.56
34750	1.3	2800	12.3	296.6
34750	1.3	2850	12.4	300.58
34750	1.3	2900	12.5	304.49
34750	1.3	2950	12.6	308.32
34750	1.4	2700	11.9	289.45
34750	1.4	2750	11.9	293.53
34750	1.4	2800	12	297.55
34750	1.4	2850	12.3	301.58
34750	1.4	2900	12.3	305.48
34750	1.4	2950	12.5	309.38
34750	1.5	2700	11.8	290.38
34750	1.5	2750	11.9	294.45
34750	1.5	2800	11.9	298.54
34750	1.5	2850	12.2	302.54
34750	1.5	2900	12.2	306.5
34750	1.5	2950	12.3	310.41
34750	1.6	2700	11.7	291.22
34750	1.6	2750	11.8	295.41
34750	1.6	2800	11.8	299.51
34750	1.6	2850	11.9	303.54
34750	1.6	2900	12	307.52
34750	1.6	2950	12.2	311.49
34750	1.7	2700	11.8	291.99
34750	1.7	2750	11.8	296.26
34750	1.7	2800	11.8	300.47
34750	1.7	2850	11.8	304.57
34750	1.7	2900	11.9	308.6
34750	1.7	2950	12	312.54
34750	1.8	2700	11.9	292.6
34750	1.8	2750	11.9	296.97
34750	1.8	2800	11.8	301.38
34750	1.8	2850	11.8	305.55
34750	1.8	2900	11.8	309.63
34750	1.8	2950	11.9	313.65
34750	1.9	2700	12	292.97
34750	1.9	2750	12	297.52
34750	1.9	2800	11.9	302.07
34750	1.9	2850	11.9	306.36
34750	1.9	2900	11.9	310.55
34750	1.9	2950	11.9	314.67
34750	2	2700	12.1	293.2
34750	2	2750	12.1	297.87
34750	2	2800	12	302.6
34750	2	2850	12	307.04
34750	2	2900	12	311.36
34750	2	2950	11.9	315.67
34750	2.1	2700	12.2	293.24
34750	2.1	2750	12.2	298.01
34750	2.1	2800	12.1	302.95
34750	2.1	2850	12.1	307.52
34750	2.1	2900	12	312.19
34750	2.1	2950	12	316.52
34750	2.2	2700	12.3	293.26
34750	2.2	2750	12.2	298.39
34750	2.2	2800	12.2	303.14
34750	2.2	2850	12.2	307.84
34750	2.2	2900	12.1	312.65
34750	2.2	2950	12.1	317
34750	2.3	2700	12.4	293.06
34750	2.3	2750	12.3	298.45
34750	2.3	2800	12.3	303.28
34750	2.3	2850	12.2	308.32
34750	2.3	2900	12.2	312.85
34750	2.3	2950	12.1	317.59
34750	2.4	2700	12.4	293.26
34750	2.4	2750	12.4	298.28
34750	2.4	2800	12.3	303.62
34750	2.4	2850	12.3	308.35
34750	2.4	2900	12.2	313.28
34750	2.4	2950	12.2	317.77
34750	2.5	2700	12.5	292.85
34750	2.5	2750	12.5	297.92
34750	2.5	2800	12.4	303.35
34750	2.5	2850	12.3	308.61
34750	2.5	2900	12.3	313.34
34750	2.5	2950	12.2	318.26
34750	2.6	2700	12.6	292.32
34750	2.6	2750	12.5	297.94
34750	2.6	2800	12.4	303.45
34750	2.6	2850	12.4	308.36
34750	2.6	2900	12.3	313.63
34750	2.6	2950	12.2	318.72
34750	2.7	2700	12.6	292.19
34750	2.7	2750	12.5	297.94
34750	2.7	2800	12.5	303.02
34750	2.7	2850	12.4	308.5
34750	2.7	2900	12.3	313.91
34750	2.7	2950	12.3	318.68
34750	2.8	2700	12.7	291.46
34750	2.8	2750	12.6	297.34
34750	2.8	2800	12.5	303.07
34750	2.8	2850	12.4	308.63
34750	2.8	2900	12.4	313.62
34750	2.8	2950	12.3	318.93
34750	2.9	2700	12.7	291.25
34750	2.9	2750	12.6	297.22
34750	2.9	2800	12.6	302.49
34750	2.9	2850	12.5	308.21
34750	2.9	2900	12.4	313.72
34750	2.9	2950	12.3	319.17
34750	3	2700	12.8	290.34
34750	3	2750	12.7	296.47
34750	3	2800	12.6	302.39
34750	3	2850	12.5	308.25
34750	3	2900	12.4	313.86
34750	3	2950	12.4	318.87
35250	0	2700	13.8	278.18
35250	0	2750	13.9	282.04
35250	0	2800	14	285.86
35250	0	2850	14.1	289.55
35250	0	2900	14.3	293.2
35250	0	2950	14.4	296.78
35250	0.1	2700	13.7	279.16
35250	0.1	2750	13.8	283.1
35250	0.1	2800	13.9	286.89
35250	0.1	2850	14	290.65
35250	0.1	2900	14.2	294.33
35250	0.1	2950	14.3	297.93
35250	0.2	2700	13.6	280.13
35250	0.2	2750	13.7	284.11
35250	0.2	2800	13.8	287.94
35250	0.2	2850	13.9	291.75
35250	0.2	2900	14	295.49
35250	0.2	2950	14.2	299.08
35250	0.3	2700	13.6	281.12
35250	0.3	2750	13.7	285.12
35250	0.3	2800	13.7	288.99
35250	0.3	2850	13.8	292.86
35250	0.3	2900	13.9	296.58
35250	0.3	2950	14.1	300.24
35250	0.4	2700	13.3	282.11
35250	0.4	2750	13.4	286.09
35250	0.4	2800	13.7	290.02
35250	0.4	2850	13.8	293.92
35250	0.4	2900	13.9	297.71
35250	0.4	2950	13.9	301.43
35250	0.5	2700	13.2	283.13
35250	0.5	2750	13.3	287.12
35250	0.5	2800	13.4	291.07
35250	0.5	2850	13.7	294.99
35250	0.5	2900	13.8	298.81
35250	0.5	2950	13.9	302.59
35250	0.6	2700	13	284.12
35250	0.6	2750	13.1	288.17
35250	0.6	2800	13.2	292.15
35250	0.6	2850	13.3	296.07
35250	0.6	2900	13.7	299.91
35250	0.6	2950	13.8	303.72
35250	0.7	2700	12.9	285.14
35250	0.7	2750	12.9	289.18
35250	0.7	2800	13.1	293.22
35250	0.7	2850	13.3	297.17
35250	0.7	2900	13.3	301.04
35250	0.7	2950	13.7	304.89
35250	0.8	2700	12.8	286.17
35250	0.8	2750	12.9	290.23
35250	0.8	2800	12.9	294.29
35250	0.8	2850	13.1	298.25
35250	0.8	2900	13.2	302.17
35250	0.8	2950	13.4	306.06
35250	0.9	2700	12.6	287.15
35250	0.9	2750	12.7	291.3
35250	0.9	2800	12.9	295.38
35250	0.9	2850	12.9	299.39
35250	0.9	2900	13.1	303.36
35250	0.9	2950	13.3	307.22
35250	1	2700	12.6	288.18
35250	1	2750	12.7	292.36
35250	1	2800	12.7	296.47
35250	1	2850	12.8	300.5
35250	1	2900	13	304.44
35250	1	2950	13.2	308.25
35250	1.1	2700	12.3	289.2
35250	1.1	2750	12.5	293.41
35250	1.1	2800	12.7	297.51
35250	1.1	2850	12.8	301.49
35250	1.1	2900	12.9	305.41
35250	1.1	2950	13	309.27
35250	1.2	2700	12.2	290.26
35250	1.2	2750	12.3	294.39
35250	1.2	2800	12.6	298.42
35250	1.2	2850	12.6	302.47
35250	1.2	2900	12.8	306.44
35250	1.2	2950	12.9	310.32
35250	1.3	2700	12.2	291.15
35250	1.3	2750	12.2	295.31
35250	1.3	2800	12.3	299.4
35250	1.3	2850	12.6	303.46
35250	1.3	2900	12.6	307.45
35250	1.3	2950	12.7	311.36
35250	1.4	2700	12.1	292.01
35250	1.4	2750	12.2	296.22
35250	1.4	2800	12.2	300.39
35250	1.4	2850	12.3	304.45
35250	1.4	2900	12.3	308.44
35250	1.4	2950	12.6	312.44
35250	1.5	2700	12.2	292.69
35250	1.5	2750	12.1	297.12
35250	1.5	2800	12.1	301.31
35250	1.5	2850	12.2	305.44
35250	1.5	2900	12.3	309.51
35250	1.5	2950	12.3	313.52
35250	1.6	2700	12.3	293.23
35250	1.6	2750	12.2	297.82
35250	1.6	2800	12.2	302.15
35250	1.6	2850	12.2	306.38
35250	1.6	2900	12.2	310.55
35250	1.6	2950	12.2	314.59
35250	1.7	2700	12.4	293.56
35250	1.7	2750	12.3	298.4
35250	1.7	2800	12.3	302.84
35250	1.7	2850	12.3	307.18
35250	1.7	2900	12.3	311.4
35250	1.7	2950	12.3	315.57
35250	1.8	2700	12.5	293.71
35250	1.8	2750	12.5	298.41
35250	1.8	2800	12.4	303.3
35250	1.8	2850	12.4	307.78
35250	1.8	2900	12.4	312.2
35250	1.8	2950	12.3	316.52
35250	1.9	2700	12.6	293.73
35250	1.9	2750	12.6	298.53
35250	1.9	2800	12.5	303.57
35250	1.9	2850	12.5	308.18
35250	1.9	2900	12.5	312.73
35250	1.9	2950	12.4	317.34
35250	2	2700	12.7	293.66
35250	2	2750	12.7	298.6
35250	2	2800	12.6	303.72
35250	2	2850	12.6	308.45
35250	2	2900	12.5	313.41
35250	2	2950	12.5	317.9
35250	2.1	2700	12.8	293.43
35250	2.1	2750	12.8	298.49
35250	2.1	2800	12.7	303.83
35250	2.1	2850	12.7	308.68
35250	2.1	2900	12.6	313.71
35250	2.1	2950	12.6	318.32
35250	2.2	2700	12.9	293.08
35250	2.2	2750	12.8	298.73
35250	2.2	2800	12.8	303.77
35250	2.2	2850	12.7	309.14
35250	2.2	2900	12.7	313.93
35250	2.2	2950	12.6	318.81
35250	2.3	2700	13	292.62
35250	2.3	2750	12.9	298.37
35250	2.3	2800	12.9	303.52
35250	2.3	2850	12.8	309.02
35250	2.3	2900	12.7	314.26
35250	2.3	2950	12.7	318.99
35250	2.4	2700	13.1	292.09
35250	2.4	2750	13	297.94
35250	2.4	2800	12.9	303.66
35250	2.4	2850	12.9	308.7
35250	2.4	2900	12.8	314.11
35250	2.4	2950	12.7	319.31
35250	2.5	2700	13.2	291.46
35250	2.5	2750	13.1	297.42
35250	2.5	2800	13	303.19
35250	2.5	2850	12.9	308.8
35250	2.5	2900	12.8	314.26
35250	2.5	2950	12.8	319.19
35250	2.6	2700	13.2	291.26
35250	2.6	2750	13.1	297.27
35250	2.6	2800	13.1	302.62
35250	2.6	2850	13	308.35
35250	2.6	2900	12.9	313.93
35250	2.6	2950	12.8	319.4
35250	2.7	2700	13.3	290.31
35250	2.7	2750	13.2	296.5
35250	2.7	2800	13.1	302.5
35250	2.7	2850	13	308.36
35250	2.7	2900	12.9	314.07
35250	2.7	2950	12.8	319.56
35250	2.8	2700	13.4	289.41
35250	2.8	2750	13.2	296.26
35250	2.8	2800	13.1	302.36
35250	2.8	2850	13	308.33
35250	2.8	2900	13	313.63
35250	2.8	2950	12.9	319.29
35250	2.9	2700	13.4	289.04
35250	2.9	2750	13.3	295.34
35250	2.9	2800	13.2	301.55
35250	2.9	2850	13.1	307.64
35250	2.9	2900	13	313.58
35250	2.9	2950	12.9	319.39
35250	3	2700	13.5	287.93
35250	3	2750	13.3	295.07
35250	3	2800	13.2	301.32
35250	3	2850	13.1	307.51
35250	3	2900	13	313.51
35250	3	2950	13	318.9
35750	0	2700	13.8	280.73
35750	0	2750	14.1	284.71
35750	0	2800	14.1	288.6
35750	0	2850	14.4	292.42
35750	0	2900	14.4	296.16
35750	0	2950	14.6	299.86
35750	0.1	2700	13.7	281.72
35750	0.1	2750	14	285.71
35750	0.1	2800	14.2	289.66
35750	0.1	2850	14.2	293.51
35750	0.1	2900	14.4	297.31
35750	0.1	2950	14.4	300.99
35750	0.2	2700	13.6	282.72
35750	0.2	2750	13.7	286.74
35750	0.2	2800	14	290.66
35750	0.2	2850	14.2	294.58
35750	0.2	2900	14.3	298.42
35750	0.2	2950	14.3	302.16
35750	0.3	2700	13.5	283.72
35750	0.3	2750	13.6	287.77
35750	0.3	2800	13.7	291.72
35750	0.3	2850	14.1	295.61
35750	0.3	2900	14.2	299.52
35750	0.3	2950	14.3	303.29
35750	0.4	2700	13.3	284.71
35750	0.4	2750	13.5	288.77
35750	0.4	2800	13.6	292.78
35750	0.4	2850	13.7	296.72
35750	0.4	2900	14.1	300.62
35750	0.4	2950	14.2	304.46
35750	0.5	2700	13.2	285.73
35750	0.5	2750	13.4	289.83
35750	0.5	2800	13.4	293.84
35750	0.5	2850	13.5	297.82
35750	0.5	2900	13.8	301.73
35750	0.5	2950	14.1	305.59
35750	0.6	2700	13.1	286.74
35750	0.6	2750	13.2	290.85
35750	0.6	2800	13.3	294.92
35750	0.6	2850	13.5	298.94
35750	0.6	2900	13.6	302.87
35750	0.6	2950	13.8	306.75
35750	0.7	2700	13.1	287.73
35750	0.7	2750	13.1	291.87
35750	0.7	2800	13.2	296.01
35750	0.7	2850	13.3	300.05
35750	0.7	2900	13.5	304.02
35750	0.7	2950	13.6	307.95
35750	0.8	2700	12.9	288.73
35750	0.8	2750	13	292.92
35750	0.8	2800	13.1	297.1
35750	0.8	2850	13.3	301.15
35750	0.8	2900	13.4	305.19
35750	0.8	2950	13.4	309.14
35750	0.9	2700	12.6	289.76
35750	0.9	2750	12.7	293.96
35750	0.9	2800	12.8	298.14
35750	0.9	2850	13.1	302.25
35750	0.9	2900	13.2	306.31
35750	0.9	2950	13.3	310.32
35750	1	2700	12.5	290.82
35750	1	2750	12.6	295.09
35750	1	2800	12.7	299.24
35750	1	2850	13	303.38
35750	1	2900	13.1	307.41
35750	1	2950	13.3	311.32
35750	1.1	2700	12.5	291.86
35750	1.1	2750	12.6	296.15
35750	1.1	2800	12.6	300.29
35750	1.1	2850	12.7	304.37
35750	1.1	2900	13.1	308.4
35750	1.1	2950	13.1	312.36
35750	1.2	2700	12.5	292.81
35750	1.2	2750	12.5	297.08
35750	1.2	2800	12.5	301.23
35750	1.2	2850	12.6	305.35
35750	1.2	2900	12.7	309.38
35750	1.2	2950	13	313.38
35750	1.3	2700	12.6	293.4
35750	1.3	2750	12.6	297.81
35750	1.3	2800	12.5	302.15
35750	1.3	2850	12.6	306.36
35750	1.3	2900	12.6	310.42
35750	1.3	2950	12.7	314.46
35750	1.4	2700	12.7	293.91
35750	1.4	2750	12.7	298.42
35750	1.4	2800	12.6	302.91
35750	1.4	2850	12.6	307.24
35750	1.4	2900	12.6	311.41
35750	1.4	2950	12.6	315.52
35750	1.5	2700	12.8	294.21
35750	1.5	2750	12.8	298.8
