20000	-6	2000	7	139.35
20000	-6	2200	7	152.01
20000	-6	2400	7	161.76
20000	-6	2600	7	168.99
20000	-6	2800	8	174.41
20000	-6	3000	8	178.53
20000	-6	3200	8	181.41
20000	-5	2000	7	144.47
20000	-5	2200	7	157.38
20000	-5	2400	7	167.48
20000	-5	2600	7	175
20000	-5	2800	7	180.49
20000	-5	3000	8	184.71
20000	-5	3200	8	187.78
20000	-4	2000	6	149.57
20000	-4	2200	7	162.63
20000	-4	2400	7	173.05
20000	-4	2600	7	180.9
20000	-4	2800	7	186.69
20000	-4	3000	7	190.81
20000	-4	3200	8	194.04
20000	-3	2000	6	155.04
20000	-3	2200	7	167.8
20000	-3	2400	7	178.59
20000	-3	2600	4	204.19
20000	-3	2800	7	192.98
20000	-3	3000	7	197.38
20000	-3	3200	7	200.5
20000	-2	2000	6	160.42
20000	-2	2200	6	173.33
20000	-2	2400	7	183.92
20000	-2	2600	7	192.66
20000	-2	2800	7	199.19
20000	-2	3000	7	203.92
20000	-2	3200	7	207.31
20000	-1	2000	6	165.78
20000	-1	2200	6	179.11
20000	-1	2400	6	189.86
20000	-1	2600	7	198.15
20000	-1	2800	7	205.1
20000	-1	3000	7	210.18
20000	-1	3200	7	213.82
22500	-6	2000	8	145.04
22500	-6	2200	8	157.3
22500	-6	2400	9	167.46
22500	-6	2600	9	175.78
22500	-6	2800	9	182.02
22500	-6	3000	10	186.76
22500	-6	3200	10	190.35
22500	-5	2000	8	150.63
22500	-5	2200	8	163.18
22500	-5	2400	9	173.38
22500	-5	2600	9	182.15
22500	-5	2800	9	188.85
22500	-5	3000	9	193.7
22500	-5	3200	10	197.48
22500	-4	2000	8	156.14
22500	-4	2200	8	169.14
22500	-4	2400	8	179.76
22500	-4	2600	9	188.53
22500	-4	2800	9	195.58
22500	-4	3000	9	200.84
22500	-4	3200	9	204.58
22500	-3	2000	8	161.61
22500	-3	2200	8	175.08
22500	-3	2400	8	186.15
22500	-3	2600	8	194.97
22500	-3	2800	9	202.32
22500	-3	3000	9	207.96
22500	-3	3200	9	212.05
22500	-2	2000	8	166.8
22500	-2	2200	8	180.77
22500	-2	2400	8	192.44
22500	-2	2600	8	201.84
22500	-2	2800	8	209.14
22500	-2	3000	9	214.99
22500	-2	3200	9	219.52
22500	-1	2000	7	172.56
22500	-1	2200	8	186.27
22500	-1	2400	8	198.5
22500	-1	2600	8	208.45
22500	-1	2800	8	216.28
22500	-1	3000	8	222.2
22500	-1	3200	9	226.76
25000	-6	2000	10	149.13
25000	-6	2200	10	161.96
25000	-6	2400	10	172.59
25000	-6	2600	11	181.5
25000	-6	2800	11	188.71
25000	-6	3000	12	194.18
25000	-6	3200	12	198.5
25000	-5	2000	10	155.08
25000	-5	2200	10	168.25
25000	-5	2400	10	179.38
25000	-5	2600	11	188.51
25000	-5	2800	11	196.18
25000	-5	3000	11	202.02
25000	-5	3200	12	206.51
25000	-4	2000	9	161.16
25000	-4	2200	10	174.53
25000	-4	2400	10	186.2
25000	-4	2600	10	195.72
25000	-4	2800	11	203.65
25000	-4	3000	11	210.01
25000	-4	3200	11	214.64
25000	-3	2000	9	167.53
25000	-3	2200	9	180.89
25000	-3	2400	10	192.97
25000	-3	2600	10	203.14
25000	-3	2800	10	211.23
25000	-3	3000	11	217.97
25000	-3	3200	11	223.12
25000	-2	2000	9	173.57
25000	-2	2200	9	187.62
25000	-2	2400	9	199.67
25000	-2	2600	10	210.34
25000	-2	2800	10	219.15
25000	-2	3000	10	226.02
25000	-2	3200	11	231.54
25000	-1	2000	9	179.47
25000	-1	2200	9	194.19
25000	-1	2400	6	229
25000	-1	2600	9	217.65
25000	-1	2800	10	226.74
25000	-1	3000	10	234.29
25000	-1	3200	10	240.04
27500	-6	2000	11	153.17
27500	-6	2200	12	166.02
27500	-6	2400	12	177.31
27500	-6	2600	13	186.75
27500	-6	2800	13	194.72
27500	-6	3000	14	200.94
27500	-6	3200	14	205.88
27500	-5	2000	11	159.97
27500	-5	2200	12	172.84
27500	-5	2400	12	184.72
27500	-5	2600	12	194.55
27500	-5	2800	13	203.06
27500	-5	3000	13	209.75
27500	-5	3200	14	215.08
27500	-4	2000	11	166.52
27500	-4	2200	11	180.01
27500	-4	2400	12	192.06
27500	-4	2600	12	202.71
27500	-4	2800	13	211.45
27500	-4	3000	13	218.81
27500	-4	3200	13	224.31
27500	-3	2000	11	173.12
27500	-3	2200	11	187.29
27500	-3	2400	11	199.73
27500	-3	2600	12	210.81
27500	-3	2800	12	220.16
27500	-3	3000	13	227.76
27500	-3	3200	13	233.94
27500	-2	2000	10	179.47
27500	-2	2200	11	194.12
27500	-2	2400	11	207.44
27500	-2	2600	11	218.86
27500	-2	2800	12	228.77
27500	-2	3000	12	237.01
27500	-2	3200	13	243.54
27500	-1	2000	10	186.47
27500	-1	2200	10	201.4
27500	-1	2400	11	214.73
27500	-1	2600	11	227.13
27500	-1	2800	11	237.52
27500	-1	3000	12	246.12
27500	-1	3200	12	253.39
30000	-6	2000	13	157.43
30000	-6	2200	14	170.17
30000	-6	2400	14	181.95
30000	-6	2600	15	191.91
30000	-6	2800	15	200.53
30000	-6	3000	16	207.5
30000	-6	3200	16	212.96
30000	-5	2000	13	164.72
30000	-5	2200	8	255.32
30000	-5	2400	14	190.07
30000	-5	2600	14	200.71
30000	-5	2800	15	209.91
30000	-5	3000	16	217.34
30000	-5	3200	16	223.49
30000	-4	2000	13	171.63
30000	-4	2200	13	185.81
30000	-4	2400	13	198.31
30000	-4	2800	14	219.32
30000	-4	3000	15	227.63
30000	-4	3200	16	234.15
30000	-3	2000	12	179.23
30000	-3	2200	13	193.45
30000	-3	2400	13	206.95
30000	-3	2600	13	218.61
30000	-3	2800	14	229.17
30000	-3	3000	15	237.81
30000	-3	3200	15	245.12
30000	-2	2000	12	186.27
30000	-2	2200	12	201.43
30000	-2	2400	12	215.05
30000	-2	2600	13	227.85
30000	-2	2800	13	238.73
30000	-2	3000	14	248.28
30000	-2	3200	15	256.04
30000	-1	2000	11	193.46
30000	-1	2200	12	208.86
30000	-1	2400	12	223.69
30000	-1	2600	12	236.87
30000	-1	2800	13	248.53
30000	-1	3000	13	258.69
30000	-1	3200	14	267.27
32500	-6	2000	15	162.24
32500	-6	2200	15	175.17
32500	-6	2400	16	187.21
32500	-6	2600	17	197.57
32500	-6	2800	17	206.66
32500	-6	3000	18	214.33
32500	-6	3200	19	220.3
32500	-5	2000	15	170.06
32500	-5	2200	15	183.78
32500	-5	2400	16	196.1
32500	-5	2600	16	207.45
32500	-5	2800	17	217.3
32500	-5	3000	18	225.51
32500	-5	3200	18	232.27
32500	-4	2000	14	178.05
32500	-4	2200	15	192.01
32500	-4	2400	15	205.46
32500	-4	2600	16	217.41
32500	-4	2800	16	227.96
32500	-4	3000	17	237.18
32500	-4	3200	18	244.58
32500	-3	2200	14	200.97
32500	-3	2400	15	214.59
32500	-3	2600	15	227.57
32500	-3	2800	16	238.83
32500	-3	3000	16	248.65
32500	-3	3200	17	256.98
32500	-2	2000	13	193.77
32500	-2	2200	13	209.09
32500	-2	2400	14	223.92
32500	-2	2600	14	237.38
32500	-2	2800	15	249.63
32500	-2	3000	16	260.33
32500	-2	3200	16	269.58
32500	-1	2000	12	201.12
32500	-1	2200	13	217.49
32500	-1	2400	13	233.06
32500	-1	2600	14	247.11
32500	-1	2800	14	260.41
32500	-1	3000	15	271.91
32500	-1	3200	15	282.07
35000	-6	2000	17	167.96
35000	-6	2200	17	181.33
35000	-6	2400	18	193.54
35000	-6	2600	19	204.35
35000	-6	2800	19	213.93
35000	-6	3000	20	222.12
35000	-6	3200	21	228.59
35000	-5	2000	16	176.96
35000	-5	2200	17	190.48
35000	-5	2400	17	203.49
35000	-5	2600	18	215.33
35000	-5	2800	19	225.86
35000	-5	3000	20	234.89
35000	-5	3200	21	242.32
35000	-4	2000	15	185.04
35000	-4	2200	16	199.89
35000	-4	2400	17	213.57
35000	-4	2600	17	226.36
35000	-4	2800	18	237.87
35000	-4	3000	19	247.93
35000	-4	3200	20	256.36
35000	-3	2000	15	193.86
35000	-3	2200	15	209.23
35000	-3	2400	16	223.84
35000	-3	2600	16	237.23
35000	-3	2800	17	249.8
35000	-3	3000	18	260.9
35000	-3	3200	19	270.43
35000	-2	2000	14	201.94
35000	-2	2200	14	217.81
35000	-2	2400	15	233.59
35000	-2	2600	16	247.96
35000	-2	2800	16	261.56
35000	-2	3000	17	273.77
35000	-2	3200	18	284.4
35000	-1	2000	13	209.93
35000	-1	2200	14	226.7
35000	-1	2400	14	243.23
35000	-1	2600	15	258.47
35000	-1	3000	16	286.38
35000	-1	3200	17	298.21
37500	-6	2000	18	175.57
37500	-6	2200	19	188.82
37500	-6	2400	19	201.36
37500	-6	2600	20	212.74
37500	-6	2800	21	222.89
37500	-6	3000	22	231.67
37500	-6	3200	23	238.77
37500	-5	2000	17	184.87
37500	-5	2200	18	198.96
37500	-5	2400	19	212.3
37500	-5	2600	20	224.69
37500	-5	2800	21	236
37500	-5	3000	22	245.94
37500	-5	3200	23	254.36
37500	-4	2000	16	193.37
37500	-4	2200	17	208.82
37500	-4	2400	18	223.24
37500	-4	2600	19	236.7
37500	-4	2800	20	249.19
37500	-4	3000	21	260.43
37500	-4	3200	22	269.98
37500	-3	2000	16	202.56
37500	-3	2200	16	218.73
37500	-3	2400	17	234.06
37500	-3	2600	18	248.56
37500	-3	2800	18	262.05
37500	-3	3000	19	274.52
37500	-3	3200	20	285.47
37500	-2	2000	15	210.79
37500	-2	2200	15	227.79
37500	-2	2400	16	244.18
37500	-2	2600	16	259.66
37500	-2	2800	17	274.75
37500	-2	3000	18	288.49
37500	-2	3200	19	300.8
37500	-1	2000	14	219.04
37500	-1	2200	14	236.76
37500	-1	2400	15	253.98
37500	-1	2600	15	270.78
37500	-1	2800	16	286.85
37500	-1	3000	17	301.7
37500	-1	3200	18	315.54
40000	-6	2200	20	198.1
40000	-6	2400	21	211.23
40000	-6	2600	22	223.16
40000	-6	2800	23	234.05
40000	-6	3000	24	243.52
40000	-6	3200	26	251.39
40000	-5	2000	18	194.15
40000	-5	2200	19	208.7
40000	-5	2400	20	222.69
40000	-5	2600	21	235.96
40000	-5	2800	22	248.22
40000	-5	3000	23	259.31
40000	-5	3200	24	268.76
40000	-4	2000	17	203.08
40000	-4	2200	18	218.88
40000	-4	2400	19	234.03
40000	-4	2600	20	248.6
40000	-4	2800	15	303.3
40000	-4	3000	22	274.89
40000	-4	3200	23	285.89
40000	-3	2000	7	303.3
40000	-3	2200	17	229.03
40000	-3	2400	6	303.3
40000	-3	2600	18	260.89
40000	-3	2800	19	275.89
40000	-3	3000	30	303.3
40000	-3	3200	22	302.48
40000	-2	2000	15	220.22
40000	-2	2200	16	237.85
40000	-2	2400	16	255.4
40000	-2	2600	16	270.89
40000	-2	2800	18	288.78
40000	-2	3000	19	304.19
40000	-2	3200	20	318.6
40000	-1	2000	14	228.23
40000	-1	2200	15	246.18
40000	-1	2400	15	265.26
40000	-1	2600	16	282.97
40000	-1	2800	16	300.79
40000	-1	3000	17	317.76
40000	-1	3200	18	333.71
20000	0	2000	6	170.96
20000	0	2200	6	184.76
20000	0	2400	6	195.96
20000	0	2600	6	204.71
20000	0	2800	6	211.3
20000	0	3000	7	216.18
20000	0	3200	7	220.2
20000	1	2000	6	175.73
20000	1	2200	6	189.87
20000	1	2400	6	201.56
20000	1	2600	6	210.82
20000	1	2800	6	217.89
20000	1	3000	6	223.19
20000	1	3200	6	227
20000	2	2000	6	179.7
20000	2	2200	6	194.32
20000	2	2400	6	206.47
20000	2	2600	6	216.2
20000	2	2800	6	223.81
20000	2	3000	6	229.58
20000	2	3200	6	233.76
20000	3	2000	5	185.53
20000	3	2200	5	200.42
20000	3	2400	5	212.59
20000	3	2600	5	222.17
20000	3	2800	5	229.54
20000	3	3000	6	235.22
20000	3	3200	6	239.93
20000	4	2000	5	191.08
20000	4	2200	5	205.86
20000	4	2400	5	218.16
20000	4	2600	5	228.32
20000	4	2800	5	236.19
20000	4	3000	5	242.23
20000	4	3200	5	246.91
20000	5	2000	5	194.59
20000	5	2200	5	209.58
20000	5	2400	5	222.31
20000	5	2600	5	232.91
20000	5	2800	5	241.54
20000	5	3000	5	248.12
20000	5	3200	5	253.24
20000	6	2000	4	198.53
20000	6	2200	4	215.02
20000	6	2400	4	228.3
20000	6	2600	4	239.47
20000	6	2800	4	248.55
20000	6	3000	4	255.08
20000	6	3200	4	259.95
20000	7	2000	4	204.35
20000	7	2200	4	220.21
20000	7	2400	4	233.36
20000	7	2600	4	244.22
20000	7	2800	4	252.96
20000	7	3000	4	260.23
20000	7	3200	4	265.84
20000	8	2000	4	206.94
20000	8	2200	4	221.26
20000	8	2400	4	234.79
20000	8	2600	4	246.18
20000	8	2800	4	255.43
20000	8	3000	4	263.14
20000	8	3200	4	269.16
20000	9	2000	4	204.67
20000	9	2200	4	219.75
20000	9	2400	4	233.17
20000	9	2600	3	253.88
20000	9	2800	3	264.48
20000	9	3000	3	271.35
20000	9	3200	3	275.87
20000	10	2000	4	200.12
20000	10	2200	4	215.14
20000	10	2400	3	243.23
20000	10	2600	3	253.65
20000	10	2800	3	264.36
20000	10	3000	3	272.28
20000	10	3200	3	278.52
22500	0	2000	7	178.46
22500	0	2200	7	192.65
22500	0	2400	7	204.61
22500	0	2600	8	214.65
22500	0	2800	8	223.07
22500	0	3000	8	229.57
22500	0	3200	8	234.45
22500	1	2000	7	183.93
22500	1	2200	7	198.62
22500	1	2400	7	211.21
22500	1	2600	7	221.59
22500	1	2800	7	229.94
22500	1	3000	8	236.49
22500	1	3200	8	241.91
22500	2	2000	7	188.54
22500	2	2200	7	203.85
22500	2	2400	7	216.98
22500	2	2600	7	228.07
22500	2	2800	7	237.06
22500	2	3000	7	244.16
22500	2	3200	7	249.5
22500	3	2000	6	194.48
22500	3	2200	6	209.88
22500	3	2400	6	223.19
22500	3	2600	6	234.33
22500	3	2800	6	243.33
22500	3	3000	7	250.88
22500	3	3200	7	256.97
22500	4	2000	6	199.9
22500	4	2200	6	215.57
22500	4	2400	6	229.36
22500	4	2600	6	241.19
22500	4	2800	6	250.8
22500	4	3000	6	258.48
22500	4	3200	6	264.68
22500	5	2000	6	202.95
22500	5	2200	5	220.29
22500	5	2400	5	234.5
22500	5	2600	5	246.58
22500	5	2800	5	256.52
22500	5	3000	6	264.42
22500	5	3200	6	271.27
22500	6	2000	5	209.98
22500	6	2200	5	226.03
22500	6	2400	5	240.65
22500	6	2600	5	253.32
22500	6	2800	5	263.6
22500	6	3000	5	272.12
22500	6	3200	5	278.93
22500	7	2000	5	212.36
22500	7	2200	5	228.68
22500	7	2400	5	242.68
22500	7	2600	5	255.73
22500	7	2800	5	267.03
22500	7	3000	5	276.72
22500	7	3200	5	284.24
22500	8	2000	5	210.99
22500	8	2200	5	226.48
22500	8	2400	5	241.83
22500	8	2600	5	255.37
22500	8	2800	4	274.2
22500	8	3000	4	284.41
22500	8	3200	4	292
22500	9	2000	5	205.72
22500	9	2200	5	221.92
22500	9	2400	4	249.64
22500	9	2600	4	262.51
22500	9	2800	4	274.49
22500	9	3000	4	285.15
22500	9	3200	4	293.91
22500	10	2000	5	198.22
22500	10	2200	4	229.64
22500	10	2400	4	244.53
22500	10	2600	4	258.99
22500	10	2800	3	281.81
22500	10	3000	3	291.14
22500	10	3200	3	299.22
25000	0	2000	8	185.31
25000	0	2200	9	200.06
25000	0	2400	9	213.67
25000	0	2600	9	225.2
25000	0	2800	9	234.66
25000	0	3000	9	242.19
25000	0	3200	10	248.61
25000	1	2000	8	191.69
25000	1	2200	8	206.94
25000	1	2400	8	220.45
25000	1	2600	8	232.01
25000	1	2800	9	242.3
25000	1	3000	9	250.69
25000	1	3200	9	257.27
25000	2	2000	8	197.02
25000	2	2200	8	213.02
25000	2	2400	8	227.26
25000	2	2600	8	239.67
25000	2	2800	8	250.12
25000	2	3000	8	258.7
25000	2	3200	9	265.61
25000	3	2000	7	203.17
25000	3	2200	7	219.42
25000	3	2400	7	233.96
25000	3	2600	7	246.55
25000	3	2800	7	257.14
25000	3	3000	8	266.65
25000	3	3200	8	274.39
25000	4	2000	7	208.4
25000	4	2200	7	224.82
25000	4	2400	7	239.93
25000	4	2600	7	253.53
25000	4	2800	7	265.03
25000	4	3000	7	274.72
25000	4	3200	7	282.76
25000	5	2000	6	213.82
25000	5	2200	6	231.31
25000	5	2400	6	246.67
25000	5	2600	6	260.34
25000	5	2800	6	272.28
25000	5	3000	6	282.15
25000	5	3200	6	290.46
25000	6	2000	6	218.18
25000	6	2200	6	234.66
25000	6	2400	6	250.62
25000	6	2600	6	265.06
25000	6	2800	6	277.87
25000	6	3000	6	288.79
25000	6	3200	6	298.02
25000	7	2000	6	217.03
25000	7	2200	6	234.23
25000	7	2400	6	249.99
25000	7	2600	6	265.39
25000	7	2800	6	279.24
25000	7	3000	6	291.84
25000	7	3200	5	305.23
25000	8	2000	6	212.19
25000	8	2200	6	228.95
25000	8	2400	6	246.33
25000	8	2600	5	271.65
25000	8	2800	5	285.64
25000	8	3000	5	297.86
25000	8	3200	5	308.56
25000	9	2000	6	203.74
25000	9	2200	6	221.82
25000	9	2400	5	251.36
25000	9	2600	5	267.29
25000	9	2800	5	283.03
25000	9	3000	4	303.92
25000	9	3200	4	315.07
25000	10	2000	6	193.96
25000	10	2200	5	225.74
25000	10	2400	5	243.73
25000	10	2600	5	260.87
25000	10	2800	4	286.25
25000	10	3000	4	300.87
25000	10	3200	4	313.31
27500	0	2000	10	192.58
27500	0	2200	10	208.5
27500	0	2400	10	222.86
27500	0	2600	10	235.32
27500	0	2800	11	246.08
27500	0	3000	11	255.54
27500	0	3200	11	263.06
27500	1	2000	9	199.48
27500	1	2200	9	215.36
27500	1	2400	9	229.77
27500	1	2600	10	243.2
27500	1	2800	10	255
27500	1	3000	10	264.75
27500	1	3200	11	272.9
27500	2	2000	9	205.3
27500	2	2200	9	222.15
27500	2	2400	9	237.48
27500	2	2600	9	251.31
27500	2	2800	9	263.39
27500	2	3000	10	273.62
27500	2	3200	10	282.7
27500	3	2000	8	211.76
27500	3	2200	8	228.8
27500	3	2400	8	244.66
27500	3	2600	8	258.84
27500	3	2800	8	271.23
27500	3	3000	9	282.67
27500	3	3200	9	292.36
27500	4	2000	8	216.17
27500	4	2200	8	233.7
27500	4	2400	8	250.25
27500	4	2600	8	265.69
27500	4	2800	8	279.33
27500	4	3000	8	291.29
27500	4	3200	8	301.59
27500	5	2000	8	216.12
27500	5	2200	8	234.22
27500	5	2400	8	251.62
27500	5	2600	8	268.09
27500	5	2800	7	287.01
27500	5	3000	7	299.28
27500	5	3200	7	310.11
27500	6	2000	8	212.27
27500	6	2200	8	230.75
27500	6	2400	8	249.42
27500	6	2600	7	274.66
27500	6	2800	7	290.33
27500	6	3000	7	304.27
27500	6	3200	7	316.44
27500	7	2000	8	204.92
27500	7	2200	8	224.71
27500	7	2400	7	254.34
27500	7	2600	7	272.16
27500	7	2800	7	288.95
27500	7	3000	7	304.75
27500	7	3200	6	323.19
27500	8	2000	8	195.99
27500	8	2200	7	228
27500	8	2400	7	247.34
27500	8	2600	7	266.75
27500	8	2800	6	292.93
27500	8	3000	6	308.93
27500	8	3200	6	323.49
27500	9	2000	8	185.3
27500	9	2200	7	218.19
27500	9	2400	7	238.62
27500	9	2600	6	268.36
27500	9	2800	6	287.42
27500	9	3000	5	311.76
27500	9	3200	5	326.98
27500	10	2000	7	186.56
27500	10	2200	7	207.18
27500	10	2400	6	239.12
27500	10	2600	6	259.54
27500	10	2800	5	288.25
27500	10	3000	4	313.15
27500	10	3200	4	329.1
30000	0	2000	11	200.4
30000	0	2200	11	216.89
30000	0	2400	11	232.06
30000	0	2600	12	245.67
30000	0	2800	12	258.32
30000	0	3000	12	268.94
30000	0	3200	13	278.39
30000	1	2000	10	207.44
30000	1	2200	10	224.09
30000	1	2400	11	239.54
30000	1	2600	11	254.61
30000	1	2800	11	267.92
30000	1	3000	12	279.15
30000	1	3200	12	289.45
30000	2	2000	10	213.15
30000	2	2200	10	231.05
30000	2	2400	10	247.73
30000	2	2600	10	263.12
30000	2	2800	10	277.02
30000	2	3000	11	289.24
30000	2	3200	11	300.26
30000	3	2000	9	220.06
30000	3	2200	9	238.04
30000	3	2400	9	255.38
30000	3	2600	9	271.26
30000	3	2800	9	285.66
30000	3	3000	10	298.53
30000	3	3200	10	310.63
30000	4	2000	9	222.12
30000	4	2200	9	240.76
30000	4	2400	9	258.98
30000	4	2600	9	276.56
30000	4	2800	9	292.63
30000	4	3000	9	307.26
30000	4	3200	9	320.35
30000	5	2000	10	207.25
30000	5	2200	10	228.23
30000	5	2400	9	257.83
30000	5	2600	9	276.7
30000	5	2800	9	294.79
30000	5	3000	9	311.13
30000	5	3200	9	326.21
30000	6	2000	10	199.03
30000	6	2200	10	220.84
30000	6	2400	9	252.39
30000	6	2600	9	272.75
30000	6	2800	9	292.53
30000	6	3000	8	316.95
30000	6	3200	8	332.87
30000	7	2000	10	188.94
30000	7	2200	10	211.7
30000	7	2400	9	244.27
30000	7	2600	9	266.46
30000	7	2800	8	295
30000	7	3000	8	314.43
30000	7	3200	7	337.63
30000	8	2000	10	178.05
30000	8	2200	9	211.69
30000	8	2400	9	234.74
30000	8	2600	8	266.45
30000	8	2800	8	288.34
30000	8	3000	7	315.9
30000	8	3200	7	334.78
30000	9	2000	10	167.08
30000	9	2200	9	200.44
30000	9	2400	8	233.52
30000	9	2600	8	256.78
30000	9	2800	7	287.64
30000	9	3000	6	315.68
30000	9	3200	6	335.78
30000	10	2000	10	156.63
30000	10	2200	9	189.51
30000	10	2400	8	222.29
30000	10	2600	7	254.4
30000	10	2800	6	285.49
30000	10	3000	5	314.15
30000	10	3200	5	335.1
32500	0	2000	12	208.58
32500	0	2200	12	225.81
32500	0	2400	12	241.95
32500	0	2600	13	257
32500	0	2800	13	271.08
32500	0	3000	14	283.4
32500	0	3200	14	294.44
32500	1	2000	11	215.97
32500	1	2200	11	233.51
32500	1	2400	11	250.13
32500	1	2600	12	266.15
32500	1	2800	12	281.3
32500	1	3000	13	294.46
32500	1	3200	13	306.68
32500	2	2000	10	222.59
32500	2	2200	10	240.77
32500	2	2400	10	257.96
32500	2	2600	11	274.81
32500	2	2800	11	290.77
32500	2	3000	11	305.22
32500	2	3200	12	318.24
32500	3	2000	11	219.29
32500	3	2200	11	239.66
32500	3	2400	11	259.83
32500	3	2600	11	279.08
32500	3	2800	11	297.18
32500	3	3000	11	313.95
32500	3	3200	11	328.98
32500	4	2000	12	202.3
32500	4	2200	12	225.28
32500	4	2400	11	256.98
32500	4	2600	11	278.26
32500	4	2800	11	298.43
32500	4	3000	11	317.44
32500	4	3200	11	335.08
32500	5	2000	13	182.12
32500	5	2200	12	216.86
32500	5	2400	12	241.14
32500	5	2600	11	273.09
32500	5	2800	11	295.47
32500	5	3000	10	322.4
32500	5	3200	10	341.31
32500	6	2000	14	162.91
32500	6	2200	13	197.8
32500	6	2400	12	232.31
32500	6	2600	11	265.5
32500	6	2800	11	289.62
32500	6	3000	10	318.9
32500	6	3200	10	339.94
32500	7	2000	14	153.49
32500	7	2200	13	188.09
32500	7	2400	12	222.55
32500	7	2600	11	256.44
32500	7	2800	10	288.88
32500	7	3000	9	319.25
32500	7	3200	9	341.39
32500	8	2000	14	144.38
32500	8	2200	12	185.78
32500	8	2400	11	220.09
32500	8	2600	10	253.97
32500	8	2800	9	286.73
32500	8	3000	9	311.58
32500	8	3200	8	341.05
32500	9	2000	13	142
32500	9	2200	12	175.65
32500	9	2400	11	209.63
32500	9	2600	9	250.29
32500	9	2800	8	283.26
32500	9	3000	8	308.72
32500	9	3200	7	339.16
32500	10	2000	13	133.09
32500	10	2200	11	172.17
32500	10	2400	10	205.76
32500	10	2600	9	239.39
32500	10	2800	7	278.65
32500	10	3000	6	310.68
32500	10	3200	5	340.63
35000	0	2000	12	216.97
35000	0	2200	13	235.15
35000	0	2400	13	252.63
35000	0	2600	13	268.67
35000	0	2800	14	284.43
35000	0	3000	15	298.58
35000	0	3200	15	311.57
35000	1	2000	12	223.82
35000	1	2200	12	242.8
35000	1	2400	12	261.06
35000	1	2600	12	278.38
35000	1	2800	13	294.91
35000	1	3000	13	310.37
35000	1	3200	14	324.62
35000	2	2000	14	205.05
35000	2	2200	14	228.9
35000	2	2400	13	259.63
35000	2	2600	13	280.81
35000	2	2800	13	300.87
35000	2	3000	13	319.58
35000	2	3200	13	336.11
35000	3	2000	16	176.29
35000	3	2200	15	212.22
35000	3	2400	14	246.81
35000	3	2600	14	271.37
35000	3	2800	13	301.33
35000	3	3000	13	322.79
35000	3	3200	13	342.64
35000	4	2000	18	150.47
35000	4	2200	16	194.48
35000	4	2400	15	230.25
35000	4	2600	14	264.84
35000	4	2800	14	290.43
35000	4	3000	13	321.06
35000	4	3200	13	343.71
35000	5	2000	19	135.58
35000	5	2200	17	177.8
35000	5	2400	16	213.67
35000	5	2600	15	249.17
35000	5	2800	14	283.71
35000	5	3000	13	316.11
35000	5	3200	12	346.27
35000	6	2000	20	122.56
35000	6	2200	17	169.12
35000	6	2400	16	204.76
35000	6	2600	14	246.96
35000	6	2800	13	281.83
35000	6	3000	12	315.22
35000	6	3200	12	341.32
35000	7	2000	20	115.92
35000	7	2200	17	160.67
35000	7	2400	15	201.77
35000	7	2600	14	237.29
35000	7	2800	13	272.47
35000	7	3000	12	306.88
35000	7	3200	11	339.8
35000	8	2000	20	109.55
35000	8	2200	17	152.7
35000	8	2400	15	192.66
35000	8	2600	13	233.33
35000	8	2800	12	268.55
35000	8	3000	11	303.16
35000	8	3200	10	336.7
35000	9	2000	19	107.55
35000	9	2200	16	149.66
35000	9	2400	14	188.82
35000	9	2600	12	228.78
35000	9	2800	11	263.86
35000	9	3000	9	303.56
35000	9	3200	8	337.24
35000	10	2000	18	105.26
35000	10	2200	16	142.12
35000	10	2400	13	184.67
35000	10	2600	11	223.81
35000	10	2800	10	258.75
35000	10	3000	8	297.79
35000	10	3200	7	331.7
37500	0	2000	13	226.37
37500	0	2200	13	245.08
37500	0	2400	14	262.98
37500	0	2600	14	281.26
37500	0	2800	14	297.97
37500	0	3000	15	314.47
37500	0	3200	16	329.71
37500	1	2000	23	139.51
37500	1	2200	19	199.15
37500	1	2400	17	242.91
37500	1	2600	16	275.5
37500	1	2800	15	303.74
37500	1	3000	15	323.94
37500	1	3200	15	342.14
37500	2	2000	28	105.72
37500	2	2200	22	169.39
37500	2	2400	19	220.36
37500	2	2600	18	256.3
37500	2	2800	17	290.37
37500	2	3000	16	321.73
37500	2	3200	16	344.68
37500	3	2000	31	88.93
37500	3	2200	24	150.82
37500	3	2400	21	198.96
37500	3	2600	19	242.18
37500	3	2800	18	278.17
37500	3	3000	17	312.43
37500	3	3200	16	344.27
37500	4	2000	34	75.36
37500	4	2200	26	135.28
37500	4	2400	22	185.87
37500	4	2600	20	228.24
37500	4	2800	18	270.8
37500	4	3000	17	306.43
37500	4	3200	16	340.42
37500	5	2000	35	69.71
37500	5	2200	27	126.1
37500	5	2400	23	174.15
37500	5	2600	20	220.47
37500	5	2800	18	262.67
37500	5	3000	17	299.11
37500	5	3200	16	334.54
37500	6	2000	0	-1
37500	6	2200	27	121.36
37500	6	2400	23	167.82
37500	6	2600	20	212.86
37500	6	2800	18	254.43
37500	6	3000	16	296.09
37500	6	3200	15	332.14
37500	7	2000	35	64.84
37500	7	2200	27	116.83
37500	7	2400	22	165.52
37500	7	2600	19	209.6
37500	7	2800	17	250.74
37500	7	3000	15	292.1
37500	7	3200	14	328.59
37500	8	2000	34	64.81
37500	8	2200	26	115.47
37500	8	2400	21	162.86
37500	8	2600	18	206.01
37500	8	2800	16	246.54
37500	8	3000	14	287.47
37500	8	3200	12	328.2
37500	9	2000	33	64.51
37500	9	2200	25	113.82
37500	9	2400	20	159.9
37500	9	2600	17	202.19
37500	9	2800	14	245.66
37500	9	3000	12	286.16
37500	9	3200	10	326.52
37500	10	2000	31	66.13
37500	10	2200	23	114.57
37500	10	2400	19	156.81
37500	10	2600	15	201.27
37500	10	2800	13	240.67
37500	10	3000	10	283.85
37500	10	3200	8	323.63
40000	0	2000	9	76.14
40000	0	2200	0	-1
40000	0	2400	28	179.86
40000	0	2600	22	247.48
40000	0	2800	19	294.65
40000	0	3000	18	323.65
40000	0	3200	17	347.05
40000	1	2000	0	-1
40000	1	2200	0	-1
40000	1	2400	35	143.75
40000	1	2600	26	217.18
40000	1	2800	23	265.86
40000	1	3000	21	307.27
40000	1	3200	19	344.84
40000	2	2000	0	-1
40000	2	2200	0	-1
40000	2	2400	0	-1
40000	2	2600	30	192.61
40000	2	2800	25	248.98
40000	2	3000	22	296.94
40000	2	3200	21	332.66
40000	3	2000	0	-1
40000	3	2200	0	-1
40000	3	2400	0	-1
40000	3	2600	32	180.37
40000	3	2800	26	238.24
40000	3	3000	23	285.65
40000	3	3200	21	327.9
40000	4	2000	0	-1
40000	4	2200	0	-1
40000	4	2400	0	-1
40000	4	2600	32	176.46
40000	4	2800	27	228.33
40000	4	3000	24	274.74
40000	4	3200	21	321.76
40000	5	2000	0	-1
40000	5	2200	0	-1
40000	5	2400	0	-1
40000	5	2600	32	172.59
40000	5	2800	27	222.89
40000	5	3000	23	272.42
40000	5	3200	21	315
40000	6	2000	0	-1
40000	6	2200	0	-1
40000	6	2400	0	-1
40000	6	2600	31	171.63
40000	6	2800	26	220.88
40000	6	3000	22	269.45
40000	6	3200	20	311.87
40000	7	2000	0	-1
40000	7	2200	0	-1
40000	7	2400	0	-1
40000	7	2600	30	170.33
40000	7	2800	24	221.48
40000	7	3000	21	265.99
40000	7	3200	18	311.56
40000	8	2000	0	-1
40000	8	2200	0	-1
40000	8	2400	0	-1
40000	8	2600	28	171.21
40000	8	2800	23	218.51
40000	8	3000	19	265.24
40000	8	3200	16	310.14
40000	9	2000	0	-1
40000	9	2200	0	-1
40000	9	2400	34	121.96
40000	9	2600	26	171.54
40000	9	2800	20	220.46
40000	9	3000	17	263.76
40000	9	3200	14	307.94
40000	10	2000	0	-1
40000	10	2200	0	-1
40000	10	2400	31	124.68
40000	10	2600	23	173.45
40000	10	2800	18	219.02
40000	10	3000	14	264.06
40000	10	3200	11	307.41
34500	2.5	2700	13	288.81
34500	2.5	2750	13	294.02
34500	2.5	2800	13	299.16
34500	2.5	2850	12	308.27
34500	2.5	2900	12	312.82
34500	2.6	2700	13	288.71
34500	2.6	2750	13	293.93
34500	2.6	2800	13	299.13
34500	2.6	2850	13	304.16
34500	2.6	2900	12	313.24
34500	2.7	2700	13	288.51
34500	2.7	2750	13	293.8
34500	2.7	2800	13	299.06
34500	2.7	2850	13	304.18
34500	2.7	2900	13	309.27
34500	2.8	2700	13	288.31
34500	2.8	2750	13	293.64
34500	2.8	2800	13	298.95
34500	2.8	2850	13	304.2
34500	2.8	2900	13	309.32
34500	2.9	2700	13	288.12
34500	2.9	2750	13	293.54
34500	2.9	2800	13	298.8
34500	2.9	2850	13	304.14
34500	2.9	2900	13	309.32
34500	3	2700	13	287.87
34500	3	2750	13	293.37
34500	3	2800	13	298.76
34500	3	2850	13	304.08
34500	3	2900	13	309.32
34600	2.5	2700	13	289.37
34600	2.5	2750	13	294.6
34600	2.5	2800	13	299.74
34600	2.5	2850	13	304.75
34600	2.5	2900	13	309.66
34600	2.6	2700	13	289.24
34600	2.6	2750	13	294.52
34600	2.6	2800	13	299.7
34600	2.6	2850	13	304.79
34600	2.6	2900	13	309.8
34600	2.7	2700	13	289.05
34600	2.7	2750	13	294.37
34600	2.7	2800	13	299.64
34600	2.7	2850	13	304.78
34600	2.7	2900	13	309.89
34600	2.8	2700	13	288.81
34600	2.8	2750	13	294.21
34600	2.8	2800	13	299.54
34600	2.8	2850	13	304.77
34600	2.8	2900	13	309.95
34600	2.9	2700	13	288.61
34600	2.9	2750	13	294.03
34600	2.9	2800	13	299.41
34600	2.9	2850	13	304.71
34600	2.9	2900	13	309.96
34600	3	2700	13	288.33
34600	3	2750	13	293.85
34600	3	2800	13	299.29
34600	3	2850	13	304.61
34600	3	2900	13	309.93
34700	2.5	2700	13	289.91
34700	2.5	2750	13	295.15
34700	2.5	2800	13	300.28
34700	2.5	2850	13	305.3
34700	2.5	2900	13	310.24
34700	2.6	2700	13	289.77
34700	2.6	2750	13	295.07
34700	2.6	2800	13	300.26
34700	2.6	2850	13	305.38
34700	2.6	2900	13	310.41
34700	2.7	2700	13	289.59
34700	2.7	2750	13	294.92
34700	2.7	2800	13	300.21
34700	2.7	2850	13	305.37
34700	2.7	2900	13	310.54
34700	2.8	2700	13	289.32
34700	2.8	2750	13	294.78
34700	2.8	2800	13	300.08
34700	2.8	2850	13	305.37
34700	2.8	2900	13	310.58
34700	2.9	2700	13	289.08
34700	2.9	2750	13	294.54
34700	2.9	2800	13	299.95
34700	2.9	2850	13	305.27
34700	2.9	2900	13	310.55
34700	3	2700	13	288.83
34700	3	2750	13	294.36
34700	3	2800	13	299.75
34700	3	2850	13	305.2
34700	3	2900	13	310.49
34800	2.5	2700	13	290.39
34800	2.5	2750	13	295.65
34800	2.5	2800	13	300.83
34800	2.5	2850	13	305.86
34800	2.5	2900	13	310.83
34800	2.6	2700	13	290.27
34800	2.6	2750	13	295.58
34800	2.6	2800	13	300.82
34800	2.6	2850	13	305.92
34800	2.6	2900	13	310.98
34800	2.7	2700	13	290.07
34800	2.7	2750	13	295.43
34800	2.7	2800	13	300.73
34800	2.7	2850	13	305.95
34800	2.7	2900	13	311.11
34800	2.8	2700	13	289.83
34800	2.8	2750	13	295.27
34800	2.8	2800	13	300.64
34800	2.8	2850	13	305.93
34800	2.8	2900	13	311.17
34800	2.9	2700	13	289.57
34800	2.9	2750	13	295.08
34800	2.9	2800	13	300.47
34800	2.9	2850	13	305.86
34800	2.9	2900	13	311.15
34800	3	2700	13	289.33
34800	3	2750	13	294.82
34800	3	2800	13	300.31
34800	3	2850	13	305.74
34800	3	2900	13	311.09
34900	2.5	2700	13	290.91
34900	2.5	2750	13	296.2
34900	2.5	2800	13	301.38
34900	2.5	2850	13	306.4
34900	2.5	2900	13	311.38
34900	2.6	2700	13	290.76
34900	2.6	2750	13	296.1
34900	2.6	2800	13	301.36
34900	2.6	2850	13	306.46
34900	2.6	2900	13	311.55
34900	2.7	2700	13	290.57
34900	2.7	2750	13	295.95
34900	2.7	2800	13	301.27
34900	2.7	2850	13	306.51
34900	2.7	2900	13	311.69
34900	2.8	2700	13	290.3
34900	2.8	2750	13	295.8
34900	2.8	2800	13	301.15
34900	2.8	2850	13	306.47
34900	2.8	2900	13	311.71
34900	2.9	2700	13	290.03
34900	2.9	2750	13	295.56
34900	2.9	2800	13	301.02
34900	2.9	2850	13	306.39
34900	2.9	2900	13	311.73
34900	3	2700	13	289.74
34900	3	2750	13	295.3
34900	3	2800	13	300.85
34900	3	2850	13	306.3
34900	3	2900	13	311.66
35000	2.5	2700	13	291.39
35000	2.5	2750	13	296.69
35000	2.5	2800	13	301.89
35000	2.5	2850	13	306.97
35000	2.5	2900	13	311.97
35000	2.6	2700	13	291.25
35000	2.6	2750	13	296.6
35000	2.6	2800	13	301.88
35000	2.6	2850	13	307.05
35000	2.6	2900	13	312.14
35000	2.7	2700	13	291.03
35000	2.7	2750	13	296.47
35000	2.7	2800	13	301.77
35000	2.7	2850	13	307.02
35000	2.7	2900	13	312.22
35000	2.8	2700	13	290.77
35000	2.8	2750	13	296.29
35000	2.8	2800	13	301.65
35000	2.8	2850	13	307
35000	2.8	2900	13	312.26
35000	2.9	2700	14	283.71
35000	2.9	2750	13	296.05
35000	2.9	2800	13	301.5
35000	2.9	2850	13	306.93
35000	2.9	2900	13	312.25
35000	3	2700	14	283.35
35000	3	2750	13	295.81
35000	3	2800	13	301.33
35000	3	2850	13	306.81
35000	3	2900	13	312.2
35100	2.5	2700	13	291.91
35100	2.5	2750	13	297.19
35100	2.5	2800	13	302.41
35100	2.5	2850	13	307.49
35100	2.5	2900	13	312.55
35100	2.6	2700	13	291.74
35100	2.6	2750	13	297.11
35100	2.6	2800	13	302.36
35100	2.6	2850	13	307.55
35100	2.6	2900	13	312.71
35100	2.7	2700	14	284.96
35100	2.7	2750	13	296.94
35100	2.7	2800	13	302.32
35100	2.7	2850	13	307.59
35100	2.7	2900	13	312.79
35100	2.8	2700	14	284.56
35100	2.8	2750	13	296.78
35100	2.8	2800	13	302.17
35100	2.8	2850	13	307.53
35100	2.8	2900	13	312.81
35100	2.9	2700	14	284.13
35100	2.9	2750	14	290
35100	2.9	2800	13	302.01
35100	2.9	2850	13	307.46
35100	2.9	2900	13	312.77
35100	3	2700	14	283.75
35100	3	2750	14	289.6
35100	3	2800	13	301.81
35100	3	2850	13	307.31
35100	3	2900	13	312.73
35200	2.5	2700	14	286.14
35200	2.5	2750	13	297.72
35200	2.5	2800	13	302.93
35200	2.5	2850	13	308.07
35200	2.5	2900	13	313.07
35200	2.6	2700	14	285.8
35200	2.6	2750	14	291.51
35200	2.6	2800	13	302.9
35200	2.6	2850	13	308.1
35200	2.6	2900	13	313.23
35200	2.7	2700	14	285.41
35200	2.7	2750	14	291.19
35200	2.7	2800	13	302.81
35200	2.7	2850	13	308.1
35200	2.7	2900	13	313.33
35200	2.8	2700	14	285.02
35200	2.8	2750	14	290.84
35200	2.8	2800	14	296.6
35200	2.8	2850	13	308.07
35200	2.8	2900	13	313.36
35200	2.9	2700	14	284.6
35200	2.9	2750	14	290.49
35200	2.9	2800	14	296.27
35200	2.9	2850	13	307.97
35200	2.9	2900	13	313.34
35200	3	2700	14	284.18
35200	3	2750	14	290.09
35200	3	2800	14	295.94
35200	3	2850	14	301.81
35200	3	2900	13	313.26
35300	2.5	2700	14	286.61
35300	2.5	2750	14	292.28
35300	2.5	2800	14	297.86
35300	2.5	2850	13	308.57
35300	2.5	2900	13	313.64
35300	2.6	2700	14	286.28
35300	2.6	2750	14	291.97
35300	2.6	2800	14	297.63
35300	2.6	2850	13	308.64
35300	2.6	2900	13	313.77
35300	2.7	2700	14	285.9
35300	2.7	2750	14	291.66
35300	2.7	2800	14	297.38
35300	2.7	2850	14	303.01
35300	2.7	2900	13	313.87
35300	2.8	2700	14	285.47
35300	2.8	2750	14	291.35
35300	2.8	2800	14	297.09
35300	2.8	2850	14	302.82
35300	2.8	2900	13	313.87
35300	2.9	2700	14	285.02
35300	2.9	2750	14	290.96
35300	2.9	2800	14	296.77
35300	2.9	2850	14	302.57
35300	2.9	2900	14	308.28
35300	3	2700	14	284.56
35300	3	2750	14	290.53
35300	3	2800	14	296.41
35300	3	2850	14	302.29
35300	3	2900	14	308.07
35400	2.5	2700	14	287.09
35400	2.5	2750	14	292.79
35400	2.5	2800	14	298.38
35400	2.5	2850	14	303.85
35400	2.5	2900	13	314.23
35400	2.6	2700	14	286.73
35400	2.6	2750	14	292.47
35400	2.6	2800	14	298.15
35400	2.6	2850	14	303.7
35400	2.6	2900	14	309.22
35400	2.7	2700	14	286.35
35400	2.7	2750	14	292.17
35400	2.7	2800	14	297.91
35400	2.7	2850	14	303.52
35400	2.7	2900	14	309.11
35400	2.8	2700	14	285.93
35400	2.8	2750	14	291.79
35400	2.8	2800	14	297.59
35400	2.8	2850	14	303.34
35400	2.8	2900	14	308.99
35400	2.9	2700	14	285.47
35400	2.9	2750	14	291.4
35400	2.9	2800	14	297.27
35400	2.9	2850	14	303.06
35400	2.9	2900	14	308.78
35400	3	2700	14	284.99
35400	3	2750	14	290.97
35400	3	2800	14	296.92
35400	3	2850	14	302.78
35400	3	2900	14	308.58
35500	2.5	2700	14	287.57
35500	2.5	2750	14	293.28
35500	2.5	2800	14	298.9
35500	2.5	2850	14	304.38
35500	2.5	2900	14	309.78
35500	2.6	2700	14	287.22
35500	2.6	2750	14	292.98
35500	2.6	2800	14	298.68
35500	2.6	2850	14	304.26
35500	2.6	2900	14	309.78
35500	2.7	2700	14	286.8
35500	2.7	2750	14	292.65
35500	2.7	2800	14	298.41
35500	2.7	2850	14	304.08
35500	2.7	2900	14	309.68
35500	2.8	2700	14	286.38
35500	2.8	2750	14	292.26
35500	2.8	2800	14	298.09
35500	2.8	2850	14	303.81
35500	2.8	2900	14	309.49
35500	2.9	2700	14	285.94
35500	2.9	2750	14	291.89
35500	2.9	2800	14	297.74
35500	2.9	2850	14	303.58
35500	2.9	2900	14	309.29
35500	3	2700	14	285.4
35500	3	2750	14	291.42
35500	3	2800	14	297.39
35500	3	2850	14	303.28
35500	3	2900	14	309.09
34500	2.5	2700	13	288.81
34500	2.5	2725	13	291.42
34500	2.5	2750	13	294.02
34500	2.5	2775	13	296.6
34500	2.5	2800	13	299.16
34500	2.5	2825	13	301.64
34500	2.5	2850	12	308.27
34500	2.5	2875	12	310.55
34500	2.5	2900	12	312.82
34500	2.55	2700	13	288.77
34500	2.55	2725	13	291.38
34500	2.55	2750	13	293.96
34500	2.55	2775	13	296.56
34500	2.55	2800	13	299.13
34500	2.55	2825	13	301.64
34500	2.55	2850	13	304.15
34500	2.55	2875	12	310.72
34500	2.55	2900	12	313.02
34500	2.6	2700	13	288.71
34500	2.6	2725	13	291.33
34500	2.6	2750	13	293.93
34500	2.6	2775	13	296.55
34500	2.6	2800	13	299.13
34500	2.6	2825	13	301.66
34500	2.6	2850	13	304.16
34500	2.6	2875	13	306.67
34500	2.6	2900	12	313.24
34500	2.65	2700	13	288.6
34500	2.65	2725	13	291.23
34500	2.65	2750	13	293.9
34500	2.65	2775	13	296.49
34500	2.65	2800	13	299.08
34500	2.65	2825	13	301.64
34500	2.65	2850	13	304.2
34500	2.65	2875	13	306.74
34500	2.65	2900	12	313.44
34500	2.7	2700	13	288.51
34500	2.7	2725	13	291.17
34500	2.7	2750	13	293.8
34500	2.7	2775	13	296.46
34500	2.7	2800	13	299.06
34500	2.7	2825	13	301.64
34500	2.7	2850	13	304.18
34500	2.7	2875	13	306.74
34500	2.7	2900	13	309.27
34500	2.75	2700	13	288.37
34500	2.75	2725	13	291.05
34500	2.75	2750	13	293.74
34500	2.75	2775	13	296.41
34500	2.75	2800	13	299
34500	2.75	2825	13	301.59
34500	2.75	2850	13	304.2
34500	2.75	2875	13	306.79
34500	2.75	2900	13	309.32
34500	2.8	2700	13	288.31
34500	2.8	2725	13	290.96
34500	2.8	2750	13	293.64
34500	2.8	2775	13	296.31
34500	2.8	2800	13	298.95
34500	2.8	2825	13	301.58
34500	2.8	2850	13	304.2
34500	2.8	2875	13	306.77
34500	2.8	2900	13	309.32
34500	2.85	2700	13	288.23
34500	2.85	2725	13	290.93
34500	2.85	2750	13	293.6
34500	2.85	2775	13	296.25
34500	2.85	2800	13	298.91
34500	2.85	2825	13	301.55
34500	2.85	2850	13	304.15
34500	2.85	2875	13	306.78
34500	2.85	2900	13	309.35
34500	2.9	2700	13	288.12
34500	2.9	2725	13	290.85
34500	2.9	2750	13	293.54
34500	2.9	2775	13	296.23
34500	2.9	2800	13	298.8
34500	2.9	2825	13	301.51
34500	2.9	2850	13	304.14
34500	2.9	2875	13	306.78
34500	2.9	2900	13	309.32
34500	2.95	2700	13	288
34500	2.95	2725	13	290.71
34500	2.95	2750	13	293.46
34500	2.95	2775	13	296.12
34500	2.95	2800	13	298.8
34500	2.95	2825	13	301.45
34500	2.95	2850	13	304.11
34500	2.95	2875	13	306.71
34500	2.95	2900	13	309.32
34500	3	2700	13	287.87
34500	3	2725	13	290.6
34500	3	2750	13	293.37
34500	3	2775	13	296.05
34500	3	2800	13	298.76
34500	3	2825	13	301.43
34500	3	2850	13	304.08
34500	3	2875	13	306.7
34500	3	2900	13	309.32
34550	2.5	2700	13	289.08
34550	2.5	2725	13	291.74
34550	2.5	2750	13	294.31
34550	2.5	2775	13	296.9
34550	2.5	2800	13	299.45
34550	2.5	2825	13	301.94
34550	2.5	2850	13	304.4
34550	2.5	2875	13	306.9
34550	2.5	2900	12	313.09
34550	2.55	2700	13	289.06
34550	2.55	2725	13	291.66
34550	2.55	2750	13	294.25
34550	2.55	2775	13	296.86
34550	2.55	2800	13	299.43
34550	2.55	2825	13	301.94
34550	2.55	2850	13	304.47
34550	2.55	2875	13	306.95
34550	2.55	2900	13	309.41
34550	2.6	2700	13	288.95
34550	2.6	2725	13	291.58
34550	2.6	2750	13	294.23
34550	2.6	2775	13	296.85
34550	2.6	2800	13	299.39
34550	2.6	2825	13	301.93
34550	2.6	2850	13	304.48
34550	2.6	2875	13	306.99
34550	2.6	2900	13	309.48
34550	2.65	2700	13	288.88
34550	2.65	2725	13	291.53
34550	2.65	2750	13	294.15
34550	2.65	2775	13	296.8
34550	2.65	2800	13	299.39
34550	2.65	2825	13	301.95
34550	2.65	2850	13	304.47
34550	2.65	2875	13	307.02
34550	2.65	2900	13	309.57
34550	2.7	2700	13	288.75
34550	2.7	2725	13	291.42
34550	2.7	2750	13	294.1
34550	2.7	2775	13	296.77
34550	2.7	2800	13	299.33
34550	2.7	2825	13	301.91
34550	2.7	2850	13	304.51
34550	2.7	2875	13	307.07
34550	2.7	2900	13	309.6
34550	2.75	2700	13	288.66
34550	2.75	2725	13	291.35
34550	2.75	2750	13	294.01
34550	2.75	2775	13	296.68
34550	2.75	2800	13	299.31
34550	2.75	2825	13	301.91
34550	2.75	2850	13	304.48
34550	2.75	2875	13	307.07
34550	2.75	2900	13	309.61
34550	2.8	2700	13	288.57
34550	2.8	2725	13	291.22
34550	2.8	2750	13	293.94
34550	2.8	2775	13	296.63
34550	2.8	2800	13	299.23
34550	2.8	2825	13	301.85
34550	2.8	2850	13	304.49
34550	2.8	2875	13	307.1
34550	2.8	2900	13	309.66
34550	2.85	2700	13	288.46
34550	2.85	2725	13	291.16
34550	2.85	2750	13	293.87
34550	2.85	2775	13	296.52
34550	2.85	2800	13	299.18
34550	2.85	2825	13	301.82
34550	2.85	2850	13	304.44
34550	2.85	2875	13	307.07
34550	2.85	2900	13	309.64
34550	2.9	2700	13	288.37
34550	2.9	2725	13	291.1
34550	2.9	2750	13	293.79
34550	2.9	2775	13	296.47
34550	2.9	2800	13	299.08
34550	2.9	2825	13	301.79
34550	2.9	2850	13	304.42
34550	2.9	2875	13	307.07
34550	2.9	2900	13	309.66
34550	2.95	2700	13	288.25
34550	2.95	2725	13	291.01
34550	2.95	2750	13	293.72
34550	2.95	2775	13	296.38
34550	2.95	2800	13	299.06
34550	2.95	2825	13	301.7
34550	2.95	2850	13	304.4
34550	2.95	2875	13	307.02
34550	2.95	2900	13	309.63
34550	3	2700	13	288.08
34550	3	2725	13	290.86
34550	3	2750	13	293.58
34550	3	2775	13	296.32
34550	3	2800	13	299.03
34550	3	2825	13	301.71
34550	3	2850	13	304.34
34550	3	2875	13	306.99
34550	3	2900	13	309.62
34600	2.5	2700	13	289.37
34600	2.5	2725	13	291.98
34600	2.5	2750	13	294.6
34600	2.5	2775	13	297.19
34600	2.5	2800	13	299.74
34600	2.5	2825	13	302.24
34600	2.5	2850	13	304.75
34600	2.5	2875	13	307.21
34600	2.5	2900	13	309.66
34600	2.55	2700	13	289.35
34600	2.55	2725	13	291.96
34600	2.55	2750	13	294.54
34600	2.55	2775	13	297.15
34600	2.55	2800	13	299.73
34600	2.55	2825	13	302.25
34600	2.55	2850	13	304.77
34600	2.55	2875	13	307.27
34600	2.55	2900	13	309.73
34600	2.6	2700	13	289.24
34600	2.6	2725	13	291.87
34600	2.6	2750	13	294.52
34600	2.6	2775	13	297.11
34600	2.6	2800	13	299.7
34600	2.6	2825	13	302.23
34600	2.6	2850	13	304.79
34600	2.6	2875	13	307.31
34600	2.6	2900	13	309.8
34600	2.65	2700	13	289.13
34600	2.65	2725	13	291.78
34600	2.65	2750	13	294.45
34600	2.65	2775	13	297.09
34600	2.65	2800	13	299.69
34600	2.65	2825	13	302.26
34600	2.65	2850	13	304.79
34600	2.65	2875	13	307.34
34600	2.65	2900	13	309.85
34600	2.7	2700	13	289.05
34600	2.7	2725	13	291.72
34600	2.7	2750	13	294.37
34600	2.7	2775	13	297.03
34600	2.7	2800	13	299.64
34600	2.7	2825	13	302.22
34600	2.7	2850	13	304.78
34600	2.7	2875	13	307.35
34600	2.7	2900	13	309.89
34600	2.75	2700	13	288.91
34600	2.75	2725	13	291.6
34600	2.75	2750	13	294.31
34600	2.75	2775	13	296.94
34600	2.75	2800	13	299.58
34600	2.75	2825	13	302.17
34600	2.75	2850	13	304.8
34600	2.75	2875	13	307.4
34600	2.75	2900	13	309.95
34600	2.8	2700	13	288.81
34600	2.8	2725	13	291.52
34600	2.8	2750	13	294.21
34600	2.8	2775	13	296.89
34600	2.8	2800	13	299.54
34600	2.8	2825	13	302.16
34600	2.8	2850	13	304.77
34600	2.8	2875	13	307.39
34600	2.8	2900	13	309.95
34600	2.85	2700	13	288.7
34600	2.85	2725	13	291.39
34600	2.85	2750	13	294.14
34600	2.85	2775	13	296.79
34600	2.85	2800	13	299.46
34600	2.85	2825	13	302.1
34600	2.85	2850	13	304.77
34600	2.85	2875	13	307.36
34600	2.85	2900	13	309.94
34600	2.9	2700	13	288.61
34600	2.9	2725	13	291.34
34600	2.9	2750	13	294.03
34600	2.9	2775	13	296.71
34600	2.9	2800	13	299.41
34600	2.9	2825	13	302.07
34600	2.9	2850	13	304.71
34600	2.9	2875	13	307.36
34600	2.9	2900	13	309.96
34600	2.95	2700	13	288.5
34600	2.95	2725	13	291.21
34600	2.95	2750	13	293.97
34600	2.95	2775	13	296.64
34600	2.95	2800	13	299.3
34600	2.95	2825	13	301.98
34600	2.95	2850	13	304.69
34600	2.95	2875	13	307.31
34600	2.95	2900	13	309.93
34600	3	2700	13	288.33
34600	3	2725	13	291.11
34600	3	2750	13	293.85
34600	3	2775	13	296.58
34600	3	2800	13	299.29
34600	3	2825	13	301.97
34600	3	2850	13	304.61
34600	3	2875	13	307.29
34600	3	2900	13	309.93
34650	2.5	2700	13	289.65
34650	2.5	2725	13	292.27
34650	2.5	2750	13	294.89
34650	2.5	2775	13	297.43
34650	2.5	2800	13	300
34650	2.5	2825	13	302.54
34650	2.5	2850	13	305.01
34650	2.5	2875	13	307.49
34650	2.5	2900	13	309.94
34650	2.55	2700	13	289.62
34650	2.55	2725	13	292.24
34650	2.55	2750	13	294.83
34650	2.55	2775	13	297.45
34650	2.55	2800	13	300.03
34650	2.55	2825	13	302.55
34650	2.55	2850	13	305.08
34650	2.55	2875	13	307.54
34650	2.55	2900	13	310.05
34650	2.6	2700	13	289.53
34650	2.6	2725	13	292.16
34650	2.6	2750	13	294.77
34650	2.6	2775	13	297.4
34650	2.6	2800	13	300
34650	2.6	2825	13	302.54
34650	2.6	2850	13	305.1
34650	2.6	2875	13	307.59
34650	2.6	2900	13	310.12
34650	2.65	2700	13	289.42
34650	2.65	2725	13	292.07
34650	2.65	2750	13	294.7
34650	2.65	2775	13	297.35
34650	2.65	2800	13	299.95
34650	2.65	2825	13	302.52
34650	2.65	2850	13	305.11
34650	2.65	2875	13	307.66
34650	2.65	2900	13	310.18
34650	2.7	2700	13	289.29
34650	2.7	2725	13	291.97
34650	2.7	2750	13	294.66
34650	2.7	2775	13	297.29
34650	2.7	2800	13	299.9
34650	2.7	2825	13	302.54
34650	2.7	2850	13	305.1
34650	2.7	2875	13	307.67
34650	2.7	2900	13	310.22
34650	2.75	2700	13	289.2
34650	2.75	2725	13	291.9
34650	2.75	2750	13	294.57
34650	2.75	2775	13	297.25
34650	2.75	2800	13	299.88
34650	2.75	2825	13	302.49
34650	2.75	2850	13	305.07
34650	2.75	2875	13	307.68
34650	2.75	2900	13	310.23
34650	2.8	2700	13	289.06
34650	2.8	2725	13	291.78
34650	2.8	2750	13	294.47
34650	2.8	2775	13	297.16
34650	2.8	2800	13	299.81
34650	2.8	2825	13	302.44
34650	2.8	2850	13	305.04
34650	2.8	2875	13	307.67
34650	2.8	2900	13	310.24
34650	2.85	2700	13	288.91
34650	2.85	2725	13	291.64
34650	2.85	2750	13	294.4
34650	2.85	2775	13	297.05
34650	2.85	2800	13	299.73
34650	2.85	2825	13	302.42
34650	2.85	2850	13	305.04
34650	2.85	2875	13	307.7
34650	2.85	2900	13	310.28
34650	2.9	2700	13	288.85
34650	2.9	2725	13	291.58
34650	2.9	2750	13	294.27
34650	2.9	2775	13	296.99
34650	2.9	2800	13	299.68
34650	2.9	2825	13	302.35
34650	2.9	2850	13	304.99
34650	2.9	2875	13	307.65
34650	2.9	2900	13	310.26
34650	2.95	2700	13	288.74
34650	2.95	2725	13	291.46
34650	2.95	2750	13	294.22
34650	2.95	2775	13	296.88
34650	2.95	2800	13	299.57
34650	2.95	2825	13	302.27
34650	2.95	2850	13	304.98
34650	2.95	2875	13	307.6
34650	2.95	2900	13	310.22
34650	3	2700	13	288.58
34650	3	2725	13	291.37
34650	3	2750	13	294.1
34650	3	2775	13	296.84
34650	3	2800	13	299.51
34650	3	2825	13	302.22
34650	3	2850	13	304.91
34650	3	2875	13	307.58
34650	3	2900	13	310.23
34700	2.5	2700	13	289.91
34700	2.5	2725	13	292.54
34700	2.5	2750	13	295.15
34700	2.5	2775	13	297.7
34700	2.5	2800	13	300.28
34700	2.5	2825	13	302.78
34700	2.5	2850	13	305.3
34700	2.5	2875	13	307.78
34700	2.5	2900	13	310.24
34700	2.55	2700	13	289.84
34700	2.55	2725	13	292.46
34700	2.55	2750	13	295.09
34700	2.55	2775	13	297.71
34700	2.55	2800	13	300.3
34700	2.55	2825	13	302.82
34700	2.55	2850	13	305.32
34700	2.55	2875	13	307.83
34700	2.55	2900	13	310.35
34700	2.6	2700	13	289.77
34700	2.6	2725	13	292.42
34700	2.6	2750	13	295.07
34700	2.6	2775	13	297.66
34700	2.6	2800	13	300.26
34700	2.6	2825	13	302.85
34700	2.6	2850	13	305.38
34700	2.6	2875	13	307.91
34700	2.6	2900	13	310.41
34700	2.65	2700	13	289.66
34700	2.65	2725	13	292.37
34700	2.65	2750	13	295
34700	2.65	2775	13	297.65
34700	2.65	2800	13	300.26
34700	2.65	2825	13	302.84
34700	2.65	2850	13	305.37
34700	2.65	2875	13	307.94
34700	2.65	2900	13	310.46
34700	2.7	2700	13	289.59
34700	2.7	2725	13	292.27
34700	2.7	2750	13	294.92
34700	2.7	2775	13	297.6
34700	2.7	2800	13	300.21
34700	2.7	2825	13	302.81
34700	2.7	2850	13	305.37
34700	2.7	2875	13	307.96
34700	2.7	2900	13	310.54
34700	2.75	2700	13	289.46
34700	2.75	2725	13	292.16
34700	2.75	2750	13	294.82
34700	2.75	2775	13	297.51
34700	2.75	2800	13	300.15
34700	2.75	2825	13	302.76
34700	2.75	2850	13	305.36
34700	2.75	2875	13	307.96
34700	2.75	2900	13	310.53
34700	2.8	2700	13	289.32
34700	2.8	2725	13	292.04
34700	2.8	2750	13	294.78
34700	2.8	2775	13	297.43
34700	2.8	2800	13	300.08
34700	2.8	2825	13	302.71
34700	2.8	2850	13	305.37
34700	2.8	2875	13	308
34700	2.8	2900	13	310.58
34700	2.85	2700	13	289.21
34700	2.85	2725	13	291.95
34700	2.85	2750	13	294.67
34700	2.85	2775	13	297.33
34700	2.85	2800	13	300
34700	2.85	2825	13	302.7
34700	2.85	2850	13	305.33
34700	2.85	2875	13	307.99
34700	2.85	2900	13	310.57
34700	2.9	2700	13	289.08
34700	2.9	2725	13	291.81
34700	2.9	2750	13	294.54
34700	2.9	2775	13	297.26
34700	2.9	2800	13	299.95
34700	2.9	2825	13	302.63
34700	2.9	2850	13	305.27
34700	2.9	2875	13	307.95
34700	2.9	2900	13	310.55
34700	2.95	2700	13	288.95
34700	2.95	2725	13	291.71
34700	2.95	2750	13	294.42
34700	2.95	2775	13	297.14
34700	2.95	2800	13	299.85
34700	2.95	2825	13	302.55
34700	2.95	2850	13	305.22
34700	2.95	2875	13	307.9
34700	2.95	2900	13	310.53
34700	3	2700	13	288.83
34700	3	2725	13	291.63
34700	3	2750	13	294.36
34700	3	2775	13	297.05
34700	3	2800	13	299.75
34700	3	2825	13	302.47
34700	3	2850	13	305.2
34700	3	2875	13	307.88
34700	3	2900	13	310.49
34750	2.5	2700	13	290.17
34750	2.5	2725	13	292.8
34750	2.5	2750	13	295.38
34750	2.5	2775	13	297.98
34750	2.5	2800	13	300.55
34750	2.5	2825	13	303.07
34750	2.5	2850	13	305.58
34750	2.5	2875	13	308.08
34750	2.5	2900	13	310.53
34750	2.55	2700	13	290.11
34750	2.55	2725	13	292.73
34750	2.55	2750	13	295.37
34750	2.55	2775	13	297.98
34750	2.55	2800	13	300.58
34750	2.55	2825	13	303.11
34750	2.55	2850	13	305.62
34750	2.55	2875	13	308.12
34750	2.55	2900	13	310.61
34750	2.6	2700	13	290.04
34750	2.6	2725	13	292.69
34750	2.6	2750	13	295.31
34750	2.6	2775	13	297.94
34750	2.6	2800	13	300.54
34750	2.6	2825	13	303.09
34750	2.6	2850	13	305.67
34750	2.6	2875	13	308.21
34750	2.6	2900	13	310.72
34750	2.65	2700	13	289.93
34750	2.65	2725	13	292.59
34750	2.65	2750	13	295.27
34750	2.65	2775	13	297.89
34750	2.65	2800	13	300.49
34750	2.65	2825	13	303.12
34750	2.65	2850	13	305.67
34750	2.65	2875	13	308.24
34750	2.65	2900	13	310.78
34750	2.7	2700	13	289.84
34750	2.7	2725	13	292.53
34750	2.7	2750	13	295.18
34750	2.7	2775	13	297.87
34750	2.7	2800	13	300.48
34750	2.7	2825	13	303.08
34750	2.7	2850	13	305.7
34750	2.7	2875	13	308.24
34750	2.7	2900	13	310.8
34750	2.75	2700	13	289.7
34750	2.75	2725	13	292.41
34750	2.75	2750	13	295.14
34750	2.75	2775	13	297.79
34750	2.75	2800	13	300.43
34750	2.75	2825	13	303.04
34750	2.75	2850	13	305.68
34750	2.75	2875	13	308.29
34750	2.75	2900	13	310.86
34750	2.8	2700	13	289.57
34750	2.8	2725	13	292.29
34750	2.8	2750	13	295.04
34750	2.8	2775	13	297.69
34750	2.8	2800	13	300.36
34750	2.8	2825	13	303
34750	2.8	2850	13	305.65
34750	2.8	2875	13	308.28
34750	2.8	2900	13	310.87
34750	2.85	2700	13	289.46
34750	2.85	2725	13	292.21
34750	2.85	2750	13	294.93
34750	2.85	2775	13	297.6
34750	2.85	2800	13	300.28
34750	2.85	2825	13	302.98
34750	2.85	2850	13	305.62
34750	2.85	2875	13	308.27
34750	2.85	2900	13	310.86
34750	2.9	2700	13	289.3
34750	2.9	2725	13	292.07
34750	2.9	2750	13	294.8
34750	2.9	2775	13	297.54
34750	2.9	2800	13	300.24
34750	2.9	2825	13	302.92
34750	2.9	2850	13	305.57
34750	2.9	2875	13	308.24
34750	2.9	2900	13	310.85
34750	2.95	2700	13	289.19
34750	2.95	2725	13	291.95
34750	2.95	2750	13	294.67
34750	2.95	2775	13	297.42
34750	2.95	2800	13	300.14
34750	2.95	2825	13	302.84
34750	2.95	2850	13	305.51
34750	2.95	2875	13	308.19
34750	2.95	2900	13	310.83
34750	3	2700	13	289.08
34750	3	2725	13	291.87
34750	3	2750	13	294.61
34750	3	2775	13	297.31
34750	3	2800	13	300.04
34750	3	2825	13	302.75
34750	3	2850	13	305.45
34750	3	2875	13	308.14
34750	3	2900	13	310.8
34800	2.5	2700	13	290.39
34800	2.5	2725	13	293.07
34800	2.5	2750	13	295.65
34800	2.5	2775	13	298.24
34800	2.5	2800	13	300.83
34800	2.5	2825	13	303.35
34800	2.5	2850	13	305.86
34800	2.5	2875	13	308.37
34800	2.5	2900	13	310.83
34800	2.55	2700	13	290.37
34800	2.55	2725	13	293
34800	2.55	2750	13	295.6
34800	2.55	2775	13	298.22
34800	2.55	2800	13	300.81
34800	2.55	2825	13	303.39
34800	2.55	2850	13	305.9
34800	2.55	2875	13	308.42
34800	2.55	2900	13	310.9
34800	2.6	2700	13	290.27
34800	2.6	2725	13	292.92
34800	2.6	2750	13	295.58
34800	2.6	2775	13	298.22
34800	2.6	2800	13	300.82
34800	2.6	2825	13	303.39
34800	2.6	2850	13	305.92
34800	2.6	2875	13	308.47
34800	2.6	2900	13	310.98
34800	2.65	2700	13	290.16
34800	2.65	2725	13	292.86
34800	2.65	2750	13	295.51
34800	2.65	2775	13	298.17
34800	2.65	2800	13	300.78
34800	2.65	2825	13	303.36
34800	2.65	2850	13	305.96
34800	2.65	2875	13	308.49
34800	2.65	2900	13	311.07
34800	2.7	2700	13	290.07
34800	2.7	2725	13	292.76
34800	2.7	2750	13	295.43
34800	2.7	2775	13	298.11
34800	2.7	2800	13	300.73
34800	2.7	2825	13	303.38
34800	2.7	2850	13	305.95
34800	2.7	2875	13	308.54
34800	2.7	2900	13	311.11
34800	2.75	2700	13	289.98
34800	2.75	2725	13	292.69
34800	2.75	2750	13	295.37
34800	2.75	2775	13	298.07
34800	2.75	2800	13	300.71
34800	2.75	2825	13	303.33
34800	2.75	2850	13	305.93
34800	2.75	2875	13	308.55
34800	2.75	2900	13	311.12
34800	2.8	2700	13	289.83
34800	2.8	2725	13	292.56
34800	2.8	2750	13	295.27
34800	2.8	2775	13	297.97
34800	2.8	2800	13	300.64
34800	2.8	2825	13	303.28
34800	2.8	2850	13	305.93
34800	2.8	2875	13	308.58
34800	2.8	2900	13	311.17
34800	2.85	2700	13	289.72
34800	2.85	2725	13	292.47
34800	2.85	2750	13	295.2
34800	2.85	2775	13	297.87
34800	2.85	2800	13	300.55
34800	2.85	2825	13	303.26
34800	2.85	2850	13	305.9
34800	2.85	2875	13	308.56
34800	2.85	2900	13	311.16
34800	2.9	2700	13	289.57
34800	2.9	2725	13	292.34
34800	2.9	2750	13	295.08
34800	2.9	2775	13	297.81
34800	2.9	2800	13	300.47
34800	2.9	2825	13	303.2
34800	2.9	2850	13	305.86
34800	2.9	2875	13	308.53
34800	2.9	2900	13	311.15
34800	2.95	2700	13	289.43
34800	2.95	2725	13	292.19
34800	2.95	2750	13	294.94
34800	2.95	2775	13	297.69
34800	2.95	2800	13	300.42
34800	2.95	2825	13	303.13
34800	2.95	2850	13	305.81
34800	2.95	2875	13	308.48
34800	2.95	2900	13	311.13
34800	3	2700	13	289.33
34800	3	2725	13	292.08
34800	3	2750	13	294.82
34800	3	2775	13	297.56
34800	3	2800	13	300.31
34800	3	2825	13	303.04
34800	3	2850	13	305.74
34800	3	2875	13	308.43
34800	3	2900	13	311.09
34850	2.5	2700	13	290.65
34850	2.5	2725	13	293.3
34850	2.5	2750	13	295.93
34850	2.5	2775	13	298.52
34850	2.5	2800	13	301.11
34850	2.5	2825	13	303.63
34850	2.5	2850	13	306.16
34850	2.5	2875	13	308.62
34850	2.5	2900	13	311.13
34850	2.55	2700	13	290.59
34850	2.55	2725	13	293.27
34850	2.55	2750	13	295.88
34850	2.55	2775	13	298.5
34850	2.55	2800	13	301.1
34850	2.55	2825	13	303.64
34850	2.55	2850	13	306.2
34850	2.55	2875	13	308.71
34850	2.55	2900	13	311.22
34850	2.6	2700	13	290.53
34850	2.6	2725	13	293.19
34850	2.6	2750	13	295.82
34850	2.6	2775	13	298.47
34850	2.6	2800	13	301.06
34850	2.6	2825	13	303.63
34850	2.6	2850	13	306.21
34850	2.6	2875	13	308.76
34850	2.6	2900	13	311.28
34850	2.65	2700	13	290.42
34850	2.65	2725	13	293.1
34850	2.65	2750	13	295.75
34850	2.65	2775	13	298.42
34850	2.65	2800	13	301.03
34850	2.65	2825	13	303.66
34850	2.65	2850	13	306.21
34850	2.65	2875	13	308.79
34850	2.65	2900	13	311.34
34850	2.7	2700	13	290.3
34850	2.7	2725	13	293
34850	2.7	2750	13	295.71
34850	2.7	2775	13	298.35
34850	2.7	2800	13	300.99
34850	2.7	2825	13	303.63
34850	2.7	2850	13	306.21
34850	2.7	2875	13	308.81
34850	2.7	2900	13	311.38
34850	2.75	2700	13	290.21
34850	2.75	2725	13	292.92
34850	2.75	2750	13	295.62
34850	2.75	2775	13	298.32
34850	2.75	2800	13	300.97
34850	2.75	2825	13	303.59
34850	2.75	2850	13	306.23
34850	2.75	2875	13	308.81
34850	2.75	2900	13	311.39
34850	2.8	2700	13	290.06
34850	2.8	2725	13	292.8
34850	2.8	2750	13	295.52
34850	2.8	2775	13	298.22
34850	2.8	2800	13	300.9
34850	2.8	2825	13	303.54
34850	2.8	2850	13	306.2
34850	2.8	2875	13	308.85
34850	2.8	2900	13	311.44
34850	2.85	2700	13	289.95
34850	2.85	2725	13	292.71
34850	2.85	2750	13	295.44
34850	2.85	2775	13	298.17
34850	2.85	2800	13	300.85
34850	2.85	2825	13	303.52
34850	2.85	2850	13	306.16
34850	2.85	2875	13	308.83
34850	2.85	2900	13	311.43
34850	2.9	2700	13	289.79
34850	2.9	2725	13	292.57
34850	2.9	2750	13	295.31
34850	2.9	2775	13	298.05
34850	2.9	2800	13	300.76
34850	2.9	2825	13	303.45
34850	2.9	2850	13	306.15
34850	2.9	2875	13	308.82
34850	2.9	2900	13	311.41
34850	2.95	2700	13	289.66
34850	2.95	2725	13	292.45
34850	2.95	2750	13	295.21
34850	2.95	2775	13	297.97
34850	2.95	2800	13	300.66
34850	2.95	2825	13	303.37
34850	2.95	2850	13	306.1
34850	2.95	2875	13	308.78
34850	2.95	2900	13	311.43
34850	3	2700	13	289.53
34850	3	2725	13	292.32
34850	3	2750	13	295.07
34850	3	2775	13	297.84
34850	3	2800	13	300.56
34850	3	2825	13	303.29
34850	3	2850	13	306.04
34850	3	2875	13	308.74
34850	3	2900	13	311.41
34900	2.5	2700	13	290.91
34900	2.5	2725	13	293.56
34900	2.5	2750	13	296.2
34900	2.5	2775	13	298.76
34900	2.5	2800	13	301.38
34900	2.5	2825	13	303.91
34900	2.5	2850	13	306.4
34900	2.5	2875	13	308.91
34900	2.5	2900	13	311.38
34900	2.55	2700	13	290.86
34900	2.55	2725	13	293.5
34900	2.55	2750	13	296.15
34900	2.55	2775	13	298.78
34900	2.55	2800	13	301.37
34900	2.55	2825	13	303.92
34900	2.55	2850	13	306.45
34900	2.55	2875	13	308.97
34900	2.55	2900	13	311.52
34900	2.6	2700	13	290.76
34900	2.6	2725	13	293.41
34900	2.6	2750	13	296.1
34900	2.6	2775	13	298.75
34900	2.6	2800	13	301.36
34900	2.6	2825	13	303.92
34900	2.6	2850	13	306.46
34900	2.6	2875	13	309.02
34900	2.6	2900	13	311.55
34900	2.65	2700	13	290.65
34900	2.65	2725	13	293.33
34900	2.65	2750	13	296.03
34900	2.65	2775	13	298.71
34900	2.65	2800	13	301.32
34900	2.65	2825	13	303.91
34900	2.65	2850	13	306.51
34900	2.65	2875	13	309.05
34900	2.65	2900	13	311.65
34900	2.7	2700	13	290.57
34900	2.7	2725	13	293.27
34900	2.7	2750	13	295.95
34900	2.7	2775	13	298.64
34900	2.7	2800	13	301.27
34900	2.7	2825	13	303.88
34900	2.7	2850	13	306.51
34900	2.7	2875	13	309.07
34900	2.7	2900	13	311.69
34900	2.75	2700	13	290.44
34900	2.75	2725	13	293.16
34900	2.75	2750	13	295.85
34900	2.75	2775	13	298.56
34900	2.75	2800	13	301.21
34900	2.75	2825	13	303.85
34900	2.75	2850	13	306.5
34900	2.75	2875	13	309.12
34900	2.75	2900	13	311.71
34900	2.8	2700	13	290.3
34900	2.8	2725	13	293.03
34900	2.8	2750	13	295.8
34900	2.8	2775	13	298.47
34900	2.8	2800	13	301.15
34900	2.8	2825	13	303.8
34900	2.8	2850	13	306.47
34900	2.8	2875	13	309.12
34900	2.8	2900	13	311.71
34900	2.85	2700	13	290.19
34900	2.85	2725	13	292.95
34900	2.85	2750	13	295.69
34900	2.85	2775	13	298.41
34900	2.85	2800	13	301.11
34900	2.85	2825	13	303.79
34900	2.85	2850	13	306.43
34900	2.85	2875	13	309.1
34900	2.85	2900	13	311.71
34900	2.9	2700	13	290.03
34900	2.9	2725	13	292.81
34900	2.9	2750	13	295.56
34900	2.9	2775	13	298.31
34900	2.9	2800	13	301.02
34900	2.9	2825	13	303.72
34900	2.9	2850	13	306.39
34900	2.9	2875	13	309.06
34900	2.9	2900	13	311.73
34900	2.95	2700	13	289.89
34900	2.95	2725	13	292.69
34900	2.95	2750	13	295.45
34900	2.95	2775	13	298.18
34900	2.95	2800	13	300.92
34900	2.95	2825	13	303.64
34900	2.95	2850	13	306.37
34900	2.95	2875	13	309.06
34900	2.95	2900	13	311.71
34900	3	2700	13	289.74
34900	3	2725	13	292.52
34900	3	2750	13	295.3
34900	3	2775	13	298.08
34900	3	2800	13	300.85
34900	3	2825	13	303.59
34900	3	2850	13	306.3
34900	3	2875	13	309
34900	3	2900	13	311.66
34950	2.5	2700	13	291.18
34950	2.5	2725	13	293.82
34950	2.5	2750	13	296.42
34950	2.5	2775	13	299.03
34950	2.5	2800	13	301.62
34950	2.5	2825	13	304.19
34950	2.5	2850	13	306.68
34950	2.5	2875	13	309.2
34950	2.5	2900	13	311.67
34950	2.55	2700	13	291.08
34950	2.55	2725	13	293.76
34950	2.55	2750	13	296.38
34950	2.55	2775	13	299.02
34950	2.55	2800	13	301.61
34950	2.55	2825	13	304.2
34950	2.55	2850	13	306.73
34950	2.55	2875	13	309.26
34950	2.55	2900	13	311.77
34950	2.6	2700	13	291.03
34950	2.6	2725	13	293.69
34950	2.6	2750	13	296.32
34950	2.6	2775	13	298.99
34950	2.6	2800	13	301.59
34950	2.6	2825	13	304.21
34950	2.6	2850	13	306.75
34950	2.6	2875	13	309.32
34950	2.6	2900	13	311.85
34950	2.65	2700	13	290.92
34950	2.65	2725	13	293.6
34950	2.65	2750	13	296.26
34950	2.65	2775	13	298.94
34950	2.65	2800	13	301.57
34950	2.65	2825	13	304.15
34950	2.65	2850	13	306.76
34950	2.65	2875	13	309.36
34950	2.65	2900	13	311.92
34950	2.7	2700	13	290.8
34950	2.7	2725	13	293.5
34950	2.7	2750	13	296.19
34950	2.7	2775	13	298.88
34950	2.7	2800	13	301.52
34950	2.7	2825	13	304.14
34950	2.7	2850	13	306.76
34950	2.7	2875	13	309.38
34950	2.7	2900	13	311.96
34950	2.75	2700	13	290.67
34950	2.75	2725	13	293.39
34950	2.75	2750	13	296.13
34950	2.75	2775	13	298.81
34950	2.75	2800	13	301.46
34950	2.75	2825	13	304.1
34950	2.75	2850	13	306.75
34950	2.75	2875	13	309.38
34950	2.75	2900	13	311.97
34950	2.8	2700	13	290.54
34950	2.8	2725	13	293.27
34950	2.8	2750	13	296.04
34950	2.8	2775	13	298.72
34950	2.8	2800	13	301.4
34950	2.8	2825	13	304.06
34950	2.8	2850	13	306.73
34950	2.8	2875	13	309.38
34950	2.8	2900	13	311.99
34950	2.85	2700	13	290.42
34950	2.85	2725	13	293.19
34950	2.85	2750	13	295.93
34950	2.85	2775	13	298.62
34950	2.85	2800	13	301.33
34950	2.85	2825	13	304.01
34950	2.85	2850	13	306.7
34950	2.85	2875	13	309.37
34950	2.85	2900	13	311.98
34950	2.9	2700	13	290.26
34950	2.9	2725	13	293.05
34950	2.9	2750	13	295.81
34950	2.9	2775	13	298.55
34950	2.9	2800	13	301.28
34950	2.9	2825	13	303.98
34950	2.9	2850	13	306.66
34950	2.9	2875	13	309.34
34950	2.9	2900	13	311.97
34950	2.95	2700	13	290.13
34950	2.95	2725	13	292.89
34950	2.95	2750	13	295.7
34950	2.95	2775	13	298.43
34950	2.95	2800	13	301.18
34950	2.95	2825	13	303.9
34950	2.95	2850	13	306.64
34950	2.95	2875	13	309.29
34950	2.95	2900	13	311.95
34950	3	2700	13	289.95
34950	3	2725	13	292.78
34950	3	2750	13	295.55
34950	3	2775	13	298.3
34950	3	2800	13	301.06
34950	3	2825	13	303.81
34950	3	2850	13	306.57
34950	3	2875	13	309.28
34950	3	2900	13	311.96
35000	2.5	2700	13	291.39
35000	2.5	2725	13	294.05
35000	2.5	2750	13	296.69
35000	2.5	2775	13	299.3
35000	2.5	2800	13	301.89
35000	2.5	2825	13	304.43
35000	2.5	2850	13	306.97
35000	2.5	2875	13	309.49
35000	2.5	2900	13	311.97
35000	2.55	2700	13	291.34
35000	2.55	2725	13	293.98
35000	2.55	2750	13	296.65
35000	2.55	2775	13	299.29
35000	2.55	2800	13	301.9
35000	2.55	2825	13	304.45
35000	2.55	2850	13	307.02
35000	2.55	2875	13	309.56
35000	2.55	2900	13	312.07
35000	2.6	2700	13	291.25
35000	2.6	2725	13	293.92
35000	2.6	2750	13	296.6
35000	2.6	2775	13	299.26
35000	2.6	2800	13	301.88
35000	2.6	2825	13	304.45
35000	2.6	2850	13	307.05
35000	2.6	2875	13	309.62
35000	2.6	2900	13	312.14
35000	2.65	2700	13	291.15
35000	2.65	2725	13	293.83
35000	2.65	2750	13	296.54
35000	2.65	2775	13	299.18
35000	2.65	2800	13	301.81
35000	2.65	2825	13	304.45
35000	2.65	2850	13	307.02
35000	2.65	2875	13	309.61
35000	2.65	2900	13	312.17
35000	2.7	2700	13	291.03
35000	2.7	2725	13	293.73
35000	2.7	2750	13	296.47
35000	2.7	2775	13	299.13
35000	2.7	2800	13	301.77
35000	2.7	2825	13	304.44
35000	2.7	2850	13	307.02
35000	2.7	2875	13	309.63
35000	2.7	2900	13	312.22
35000	2.75	2700	13	290.91
35000	2.75	2725	13	293.63
35000	2.75	2750	13	296.38
35000	2.75	2775	13	299.05
35000	2.75	2800	13	301.71
35000	2.75	2825	13	304.4
35000	2.75	2850	13	307.01
35000	2.75	2875	13	309.65
35000	2.75	2900	13	312.25
35000	2.8	2700	13	290.77
35000	2.8	2725	13	293.52
35000	2.8	2750	13	296.29
35000	2.8	2775	13	298.97
35000	2.8	2800	13	301.65
35000	2.8	2825	13	304.32
35000	2.8	2850	13	307
35000	2.8	2875	13	309.65
35000	2.8	2900	13	312.26
35000	2.85	2700	13	290.66
35000	2.85	2725	13	293.43
35000	2.85	2750	13	296.18
35000	2.85	2775	13	298.87
35000	2.85	2800	13	301.58
35000	2.85	2825	13	304.3
35000	2.85	2850	13	306.97
35000	2.85	2875	13	309.65
35000	2.85	2900	13	312.26
35000	2.9	2700	14	283.71
35000	2.9	2725	13	293.29
35000	2.9	2750	13	296.05
35000	2.9	2775	13	298.8
35000	2.9	2800	13	301.5
35000	2.9	2825	13	304.24
35000	2.9	2850	13	306.93
35000	2.9	2875	13	309.62
35000	2.9	2900	13	312.25
35000	2.95	2700	14	283.51
35000	2.95	2725	13	293.14
35000	2.95	2750	13	295.92
35000	2.95	2775	13	298.69
35000	2.95	2800	13	301.44
35000	2.95	2825	13	304.17
35000	2.95	2850	13	306.88
35000	2.95	2875	13	309.57
35000	2.95	2900	13	312.23
35000	3	2700	14	283.35
35000	3	2725	14	286.27
35000	3	2750	13	295.81
35000	3	2775	13	298.55
35000	3	2800	13	301.33
35000	3	2825	13	304.07
35000	3	2850	13	306.81
35000	3	2875	13	309.52
35000	3	2900	13	312.2
35050	2.5	2700	13	291.65
35050	2.5	2725	13	294.31
35050	2.5	2750	13	296.96
35050	2.5	2775	13	299.58
35050	2.5	2800	13	302.17
35050	2.5	2825	13	304.71
35050	2.5	2850	13	307.25
35050	2.5	2875	13	309.77
35050	2.5	2900	13	312.26
35050	2.55	2700	13	291.6
35050	2.55	2725	13	294.26
35050	2.55	2750	13	296.88
35050	2.55	2775	13	299.52
35050	2.55	2800	13	302.14
35050	2.55	2825	13	304.73
35050	2.55	2850	13	307.27
35050	2.55	2875	13	309.81
35050	2.55	2900	13	312.36
35050	2.6	2700	13	291.51
35050	2.6	2725	13	294.19
35050	2.6	2750	13	296.84
35050	2.6	2775	13	299.49
35050	2.6	2800	13	302.13
35050	2.6	2825	13	304.7
35050	2.6	2850	13	307.29
35050	2.6	2875	13	309.86
35050	2.6	2900	13	312.41
35050	2.65	2700	13	291.41
35050	2.65	2725	13	294.11
35050	2.65	2750	13	296.79
35050	2.65	2775	13	299.46
35050	2.65	2800	13	302.1
35050	2.65	2825	13	304.7
35050	2.65	2850	13	307.32
35050	2.65	2875	13	309.91
35050	2.65	2900	13	312.48
35050	2.7	2700	13	291.26
35050	2.7	2725	13	293.97
35050	2.7	2750	13	296.71
35050	2.7	2775	13	299.37
35050	2.7	2800	13	302.02
35050	2.7	2825	13	304.68
35050	2.7	2850	13	307.28
35050	2.7	2875	13	309.9
35050	2.7	2900	13	312.53
35050	2.75	2700	14	284.5
35050	2.75	2725	13	293.87
35050	2.75	2750	13	296.62
35050	2.75	2775	13	299.3
35050	2.75	2800	13	301.97
35050	2.75	2825	13	304.66
35050	2.75	2850	13	307.28
35050	2.75	2875	13	309.92
35050	2.75	2900	13	312.51
35050	2.8	2700	14	284.33
35050	2.8	2725	13	293.76
35050	2.8	2750	13	296.53
35050	2.8	2775	13	299.22
35050	2.8	2800	13	301.91
35050	2.8	2825	13	304.58
35050	2.8	2850	13	307.27
35050	2.8	2875	13	309.93
35050	2.8	2900	13	312.53
35050	2.85	2700	14	284.13
35050	2.85	2725	14	287.03
35050	2.85	2750	13	296.42
35050	2.85	2775	13	299.13
35050	2.85	2800	13	301.83
35050	2.85	2825	13	304.53
35050	2.85	2850	13	307.24
35050	2.85	2875	13	309.92
35050	2.85	2900	13	312.54
35050	2.9	2700	14	283.91
35050	2.9	2725	14	286.83
35050	2.9	2750	13	296.3
35050	2.9	2775	13	299.02
35050	2.9	2800	13	301.75
35050	2.9	2825	13	304.47
35050	2.9	2850	13	307.2
35050	2.9	2875	13	309.9
35050	2.9	2900	13	312.53
35050	2.95	2700	14	283.73
35050	2.95	2725	14	286.68
35050	2.95	2750	14	289.61
35050	2.95	2775	13	298.94
35050	2.95	2800	13	301.66
35050	2.95	2825	13	304.39
35050	2.95	2850	13	307.15
35050	2.95	2875	13	309.85
35050	2.95	2900	13	312.52
35050	3	2700	14	283.53
35050	3	2725	14	286.5
35050	3	2750	14	289.43
35050	3	2775	13	298.81
35050	3	2800	13	301.55
35050	3	2825	13	304.3
35050	3	2850	13	307.08
35050	3	2875	13	309.76
35050	3	2900	13	312.49
35100	2.5	2700	13	291.91
35100	2.5	2725	13	294.58
35100	2.5	2750	13	297.19
35100	2.5	2775	13	299.81
35100	2.5	2800	13	302.41
35100	2.5	2825	13	304.99
35100	2.5	2850	13	307.49
35100	2.5	2875	13	310.01
35100	2.5	2900	13	312.55
35100	2.55	2700	13	291.82
35100	2.55	2725	13	294.52
35100	2.55	2750	13	297.16
35100	2.55	2775	13	299.81
35100	2.55	2800	13	302.42
35100	2.55	2825	13	304.98
35100	2.55	2850	13	307.55
35100	2.55	2875	13	310.1
35100	2.55	2900	13	312.62
35100	2.6	2700	13	291.74
35100	2.6	2725	13	294.42
35100	2.6	2750	13	297.11
35100	2.6	2775	13	299.74
35100	2.6	2800	13	302.36
35100	2.6	2825	13	304.99
35100	2.6	2850	13	307.55
35100	2.6	2875	13	310.12
35100	2.6	2900	13	312.71
35100	2.65	2700	14	285.14
35100	2.65	2725	13	294.33
35100	2.65	2750	13	297.01
35100	2.65	2775	13	299.7
35100	2.65	2800	13	302.35
35100	2.65	2825	13	304.95
35100	2.65	2850	13	307.58
35100	2.65	2875	13	310.17
35100	2.65	2900	13	312.75
35100	2.7	2700	14	284.96
35100	2.7	2725	13	294.25
35100	2.7	2750	13	296.94
35100	2.7	2775	13	299.66
35100	2.7	2800	13	302.32
35100	2.7	2825	13	304.93
35100	2.7	2850	13	307.59
35100	2.7	2875	13	310.2
35100	2.7	2900	13	312.79
35100	2.75	2700	14	284.76
35100	2.75	2725	14	287.63
35100	2.75	2750	13	296.86
35100	2.75	2775	13	299.55
35100	2.75	2800	13	302.22
35100	2.75	2825	13	304.91
35100	2.75	2850	13	307.54
35100	2.75	2875	13	310.18
35100	2.75	2900	13	312.79
35100	2.8	2700	14	284.56
35100	2.8	2725	14	287.45
35100	2.8	2750	13	296.78
35100	2.8	2775	13	299.46
35100	2.8	2800	13	302.17
35100	2.8	2825	13	304.87
35100	2.8	2850	13	307.53
35100	2.8	2875	13	310.19
35100	2.8	2900	13	312.81
35100	2.85	2700	14	284.35
35100	2.85	2725	14	287.26
35100	2.85	2750	14	290.18
35100	2.85	2775	13	299.37
35100	2.85	2800	13	302.09
35100	2.85	2825	13	304.79
35100	2.85	2850	13	307.5
35100	2.85	2875	13	310.19
35100	2.85	2900	13	312.82
35100	2.9	2700	14	284.13
35100	2.9	2725	14	287.06
35100	2.9	2750	14	290
35100	2.9	2775	13	299.27
35100	2.9	2800	13	302.01
35100	2.9	2825	13	304.73
35100	2.9	2850	13	307.46
35100	2.9	2875	13	310.12
35100	2.9	2900	13	312.77
35100	2.95	2700	14	283.95
35100	2.95	2725	14	286.9
35100	2.95	2750	14	289.81
35100	2.95	2775	14	292.71
35100	2.95	2800	13	301.91
35100	2.95	2825	13	304.65
35100	2.95	2850	13	307.37
35100	2.95	2875	13	310.08
35100	2.95	2900	13	312.75
35100	3	2700	14	283.75
35100	3	2725	14	286.69
35100	3	2750	14	289.6
35100	3	2775	14	292.53
35100	3	2800	13	301.81
35100	3	2825	13	304.57
35100	3	2850	13	307.31
35100	3	2875	13	310.03
35100	3	2900	13	312.73
35150	2.5	2700	13	292.14
35150	2.5	2725	13	294.8
35150	2.5	2750	13	297.45
35150	2.5	2775	13	300.08
35150	2.5	2800	13	302.69
35150	2.5	2825	13	305.23
35150	2.5	2850	13	307.79
35150	2.5	2875	13	310.3
35150	2.5	2900	13	312.76
35150	2.55	2700	14	285.74
35150	2.55	2725	13	294.75
35150	2.55	2750	13	297.39
35150	2.55	2775	13	300.04
35150	2.55	2800	13	302.66
35150	2.55	2825	13	305.27
35150	2.55	2850	13	307.8
35150	2.55	2875	13	310.35
35150	2.55	2900	13	312.91
35150	2.6	2700	14	285.54
35150	2.6	2725	14	288.39
35150	2.6	2750	13	297.34
35150	2.6	2775	13	300.02
35150	2.6	2800	13	302.65
35150	2.6	2825	13	305.24
35150	2.6	2850	13	307.85
35150	2.6	2875	13	310.42
35150	2.6	2900	13	312.97
35150	2.65	2700	14	285.37
35150	2.65	2725	14	288.24
35150	2.65	2750	13	297.29
35150	2.65	2775	13	299.94
35150	2.65	2800	13	302.59
35150	2.65	2825	13	305.25
35150	2.65	2850	13	307.83
35150	2.65	2875	13	310.43
35150	2.65	2900	13	313.05
35150	2.7	2700	14	285.18
35150	2.7	2725	14	288.08
35100	2.5	2700	13	291.91
35100	2.5	2725	13	294.58
35100	2.5	2750	13	297.19
35100	2.5	2775	13	299.81
35100	2.5	2800	13	302.41
35100	2.5	2825	13	304.99
35100	2.5	2850	13	307.49
35100	2.5	2875	13	310.01
35100	2.5	2900	13	312.55
35100	2.55	2700	13	291.82
35100	2.55	2725	13	294.52
35100	2.55	2750	13	297.16
35100	2.55	2775	13	299.81
35100	2.55	2800	13	302.42
35100	2.55	2825	13	304.98
35100	2.55	2850	13	307.55
35100	2.55	2875	13	310.1
35100	2.55	2900	13	312.62
35100	2.6	2700	13	291.74
35100	2.6	2725	13	294.42
35100	2.6	2750	13	297.11
35100	2.6	2775	13	299.74
35100	2.6	2800	13	302.36
35100	2.6	2825	13	304.99
35100	2.6	2850	13	307.55
35100	2.6	2875	13	310.12
35100	2.6	2900	13	312.71
35100	2.65	2700	14	285.14
35100	2.65	2725	13	294.33
35100	2.65	2750	13	297.01
35100	2.65	2775	13	299.7
35100	2.65	2800	13	302.35
35100	2.65	2825	13	304.95
35100	2.65	2850	13	307.58
35100	2.65	2875	13	310.17
35100	2.65	2900	13	312.75
35100	2.7	2700	14	284.96
35100	2.7	2725	13	294.25
35100	2.7	2750	13	296.94
35100	2.7	2775	13	299.66
35100	2.7	2800	13	302.32
35100	2.7	2825	13	304.93
35100	2.7	2850	13	307.59
35100	2.7	2875	13	310.2
35100	2.7	2900	13	312.79
35100	2.75	2700	14	284.76
35100	2.75	2725	14	287.63
35100	2.75	2750	13	296.86
35100	2.75	2775	13	299.55
35100	2.75	2800	13	302.22
35100	2.75	2825	13	304.91
35100	2.75	2850	13	307.54
35100	2.75	2875	13	310.18
35100	2.75	2900	13	312.79
35100	2.8	2700	14	284.56
35100	2.8	2725	14	287.45
35100	2.8	2750	13	296.78
35100	2.8	2775	13	299.46
35100	2.8	2800	13	302.17
35100	2.8	2825	13	304.87
35100	2.8	2850	13	307.53
35100	2.8	2875	13	310.19
35100	2.8	2900	13	312.81
35100	2.85	2700	14	284.35
35100	2.85	2725	14	287.26
35100	2.85	2750	14	290.18
35100	2.85	2775	13	299.37
35100	2.85	2800	13	302.09
35100	2.85	2825	13	304.79
35100	2.85	2850	13	307.5
35100	2.85	2875	13	310.19
35100	2.85	2900	13	312.82
35100	2.9	2700	14	284.13
35100	2.9	2725	14	287.06
35100	2.9	2750	14	290
35100	2.9	2775	13	299.27
35100	2.9	2800	13	302.01
35100	2.9	2825	13	304.73
35100	2.9	2850	13	307.46
35100	2.9	2875	13	310.12
35100	2.9	2900	13	312.77
35100	2.95	2700	14	283.95
35100	2.95	2725	14	286.9
35100	2.95	2750	14	289.81
35100	2.95	2775	14	292.71
35100	2.95	2800	13	301.91
35100	2.95	2825	13	304.65
35100	2.95	2850	13	307.37
35100	2.95	2875	13	310.08
35100	2.95	2900	13	312.75
35100	3	2700	14	283.75
35100	3	2725	14	286.69
35100	3	2750	14	289.6
35100	3	2775	14	292.53
35100	3	2800	13	301.81
35100	3	2825	13	304.57
35100	3	2850	13	307.31
35100	3	2875	13	310.03
35100	3	2900	13	312.73
35150	2.5	2700	13	292.14
35150	2.5	2725	13	294.8
35150	2.5	2750	13	297.45
35150	2.5	2775	13	300.08
35150	2.5	2800	13	302.69
35150	2.5	2825	13	305.23
35150	2.5	2850	13	307.79
35150	2.5	2875	13	310.3
35150	2.5	2900	13	312.76
35150	2.55	2700	14	285.74
35150	2.55	2725	13	294.75
35150	2.55	2750	13	297.39
35150	2.55	2775	13	300.04
35150	2.55	2800	13	302.66
35150	2.55	2825	13	305.27
35150	2.55	2850	13	307.8
35150	2.55	2875	13	310.35
35150	2.55	2900	13	312.91
35150	2.6	2700	14	285.54
35150	2.6	2725	14	288.39
35150	2.6	2750	13	297.34
35150	2.6	2775	13	300.02
35150	2.6	2800	13	302.65
35150	2.6	2825	13	305.24
35150	2.6	2850	13	307.85
35150	2.6	2875	13	310.42
35150	2.6	2900	13	312.97
35150	2.65	2700	14	285.37
35150	2.65	2725	14	288.24
35150	2.65	2750	13	297.29
35150	2.65	2775	13	299.94
35150	2.65	2800	13	302.59
35150	2.65	2825	13	305.25
35150	2.65	2850	13	307.83
35150	2.65	2875	13	310.43
35150	2.65	2900	13	313.05
35150	2.7	2700	14	285.18
35150	2.7	2725	14	288.08
35150	2.7	2750	14	290.95
35150	2.7	2775	13	299.91
35150	2.7	2800	13	302.56
35150	2.7	2825	13	305.19
35150	2.7	2850	13	307.85
35150	2.7	2875	13	310.47
35150	2.7	2900	13	313.07
35150	2.75	2700	14	284.98
35150	2.75	2725	14	287.9
35150	2.75	2750	14	290.8
35150	2.75	2775	13	299.8
35150	2.75	2800	13	302.47
35150	2.75	2825	13	305.17
35150	2.75	2850	13	307.81
35150	2.75	2875	13	310.45
35150	2.75	2900	13	313.06
35150	2.8	2700	14	284.79
35150	2.8	2725	14	287.69
35150	2.8	2750	14	290.6
35150	2.8	2775	14	293.51
35150	2.8	2800	13	302.42
35150	2.8	2825	13	305.09
35150	2.8	2850	13	307.8
35150	2.8	2875	13	310.47
35150	2.8	2900	13	313.08
35150	2.85	2700	14	284.58
35150	2.85	2725	14	287.49
35150	2.85	2750	14	290.43
35150	2.85	2775	14	293.31
35150	2.85	2800	13	302.35
35150	2.85	2825	13	305.05
35150	2.85	2850	13	307.77
35150	2.85	2875	13	310.42
35150	2.85	2900	13	313.06
35150	2.9	2700	14	284.37
35150	2.9	2725	14	287.3
35150	2.9	2750	14	290.25
35150	2.9	2775	14	293.14
35150	2.9	2800	14	296.05
35150	2.9	2825	13	305
35150	2.9	2850	13	307.69
35150	2.9	2875	13	310.4
35150	2.9	2900	13	313.05
35150	2.95	2700	14	284.14
35150	2.95	2725	14	287.1
35150	2.95	2750	14	290.05
35150	2.95	2775	14	292.97
35150	2.95	2800	14	295.9
35150	2.95	2825	13	304.92
35150	2.95	2850	13	307.65
35150	2.95	2875	13	310.37
35150	2.95	2900	13	313.03
35150	3	2700	14	283.97
35150	3	2725	14	286.9
35150	3	2750	14	289.85
35150	3	2775	14	292.78
35150	3	2800	14	295.69
35150	3	2825	14	298.63
35150	3	2850	13	307.59
35150	3	2875	13	310.28
35150	3	2900	13	312.98
35200	2.5	2700	14	286.14
35200	2.5	2725	14	288.95
35200	2.5	2750	13	297.72
35200	2.5	2775	13	300.32
35200	2.5	2800	13	302.93
35200	2.5	2825	13	305.51
35200	2.5	2850	13	308.07
35200	2.5	2875	13	310.55
35200	2.5	2900	13	313.07
35200	2.55	2700	14	285.96
35200	2.55	2725	14	288.81
35200	2.55	2750	13	297.66
35200	2.55	2775	13	300.31
35200	2.55	2800	13	302.94
35200	2.55	2825	13	305.51
35200	2.55	2850	13	308.09
35200	2.55	2875	13	310.65
35200	2.55	2900	13	313.15
35200	2.6	2700	14	285.8
35200	2.6	2725	14	288.67
35200	2.6	2750	14	291.51
35200	2.6	2775	13	300.26
35200	2.6	2800	13	302.9
35200	2.6	2825	13	305.53
35200	2.6	2850	13	308.1
35200	2.6	2875	13	310.68
35200	2.6	2900	13	313.23
35200	2.65	2700	14	285.63
35200	2.65	2725	14	288.47
35200	2.65	2750	14	291.32
35200	2.65	2775	13	300.24
35200	2.65	2800	13	302.88
35200	2.65	2825	13	305.5
35200	2.65	2850	13	308.09
35200	2.65	2875	13	310.69
35200	2.65	2900	13	313.32
35200	2.7	2700	14	285.41
35200	2.7	2725	14	288.31
35200	2.7	2750	14	291.19
35200	2.7	2775	14	294.05
35200	2.7	2800	13	302.81
35200	2.7	2825	13	305.45
35200	2.7	2850	13	308.1
35200	2.7	2875	13	310.74
35200	2.7	2900	13	313.33
35200	2.75	2700	14	285.22
35200	2.75	2725	14	288.14
35200	2.75	2750	14	291.04
35200	2.75	2775	14	293.91
35200	2.75	2800	13	302.77
35200	2.75	2825	13	305.43
35200	2.75	2850	13	308.07
35200	2.75	2875	13	310.72
35200	2.75	2900	13	313.33
35200	2.8	2700	14	285.02
35200	2.8	2725	14	287.96
35200	2.8	2750	14	290.84
35200	2.8	2775	14	293.76
35200	2.8	2800	14	296.6
35200	2.8	2825	13	305.36
35200	2.8	2850	13	308.07
35200	2.8	2875	13	310.74
35200	2.8	2900	13	313.36
35200	2.85	2700	14	284.82
35200	2.85	2725	14	287.73
35200	2.85	2750	14	290.67
35200	2.85	2775	14	293.56
35200	2.85	2800	14	296.46
35200	2.85	2825	13	305.32
35200	2.85	2850	13	308
35200	2.85	2875	13	310.7
35200	2.85	2900	13	313.34
35200	2.9	2700	14	284.6
35200	2.9	2725	14	287.53
35200	2.9	2750	14	290.49
35200	2.9	2775	14	293.38
35200	2.9	2800	14	296.27
35200	2.9	2825	14	299.17
35200	2.9	2850	13	307.97
35200	2.9	2875	13	310.69
35200	2.9	2900	13	313.34
35200	2.95	2700	14	284.37
35200	2.95	2725	14	287.33
35200	2.95	2750	14	290.3
35200	2.95	2775	14	293.21
35200	2.95	2800	14	296.11
35200	2.95	2825	14	299.03
35200	2.95	2850	13	307.93
35200	2.95	2875	13	310.6
35200	2.95	2900	13	313.29
35200	3	2700	14	284.18
35200	3	2725	14	287.12
35200	3	2750	14	290.09
35200	3	2775	14	293.03
35200	3	2800	14	295.94
35200	3	2825	14	298.89
35200	3	2850	14	301.81
35200	3	2875	13	310.55
35200	3	2900	13	313.26
35250	2.5	2700	14	286.35
35250	2.5	2725	14	289.21
35250	2.5	2750	14	292.01
35250	2.5	2775	13	300.58
35250	2.5	2800	13	303.19
35250	2.5	2825	13	305.78
35250	2.5	2850	13	308.27
35250	2.5	2875	13	310.81
35250	2.5	2900	13	313.37
35250	2.55	2700	14	286.22
35250	2.55	2725	14	289.03
35250	2.55	2750	14	291.9
35250	2.55	2775	14	294.7
35250	2.55	2800	13	303.18
35250	2.55	2825	13	305.79
35250	2.55	2850	13	308.33
35250	2.55	2875	13	310.88
35250	2.55	2900	13	313.42
35250	2.6	2700	14	286.02
35250	2.6	2725	14	288.89
35250	2.6	2750	14	291.74
35250	2.6	2775	14	294.56
35250	2.6	2800	14	297.38
35250	2.6	2825	13	305.78
35250	2.6	2850	13	308.35
35250	2.6	2875	13	310.93
35250	2.6	2900	13	313.53
35250	2.65	2700	14	285.85
35250	2.65	2725	14	288.74
35250	2.65	2750	14	291.61
35250	2.65	2775	14	294.45
35250	2.65	2800	14	297.29
35250	2.65	2825	13	305.74
35250	2.65	2850	13	308.39
35250	2.65	2875	13	310.99
35250	2.65	2900	13	313.58
35250	2.7	2700	14	285.67
35250	2.7	2725	14	288.54
35250	2.7	2750	14	291.42
35250	2.7	2775	14	294.28
35250	2.7	2800	14	297.14
35250	2.7	2825	13	305.71
35250	2.7	2850	13	308.36
35250	2.7	2875	13	311
35250	2.7	2900	13	313.6
35250	2.75	2700	14	285.44
35250	2.75	2725	14	288.37
35250	2.75	2750	14	291.27
35250	2.75	2775	14	294.14
35250	2.75	2800	14	297.01
35250	2.75	2825	14	299.81
35250	2.75	2850	13	308.33
35250	2.75	2875	13	310.98
35250	2.75	2900	13	313.6
35250	2.8	2700	14	285.25
35250	2.8	2725	14	288.19
35250	2.8	2750	14	291.11
35250	2.8	2775	14	294
35250	2.8	2800	14	296.84
35250	2.8	2825	14	299.71
35250	2.8	2850	13	308.33
35250	2.8	2875	13	310.96
35250	2.8	2900	13	313.63
35250	2.85	2700	14	285.04
35250	2.85	2725	14	287.96
35250	2.85	2750	14	290.9
35250	2.85	2775	14	293.8
35250	2.85	2800	14	296.71
35250	2.85	2825	14	299.55
35250	2.85	2850	14	302.42
35250	2.85	2875	13	310.98
35250	2.85	2900	13	313.61
35250	2.9	2700	14	284.83
35250	2.9	2725	14	287.77
35250	2.9	2750	14	290.72
35250	2.9	2775	14	293.64
35250	2.9	2800	14	296.52
35250	2.9	2825	14	299.42
35250	2.9	2850	14	302.31
35250	2.9	2875	13	310.92
35250	2.9	2900	13	313.58
35250	2.95	2700	14	284.57
35250	2.95	2725	14	287.56
35250	2.95	2750	14	290.53
35250	2.95	2775	14	293.46
35250	2.95	2800	14	296.37
35250	2.95	2825	14	299.29
35250	2.95	2850	14	302.19
35250	2.95	2875	14	305.06
35250	2.95	2900	13	313.57
35250	3	2700	14	284.33
35250	3	2725	14	287.35
35250	3	2750	14	290.33
35250	3	2775	14	293.23
35250	3	2800	14	296.21
35250	3	2825	14	299.11
35250	3	2850	14	302.04
35250	3	2875	14	304.9
35250	3	2900	13	313.51
35300	2.5	2700	14	286.61
35300	2.5	2725	14	289.47
35300	2.5	2750	14	292.28
35300	2.5	2775	14	295.06
35300	2.5	2800	14	297.86
35300	2.5	2825	13	306.01
35300	2.5	2850	13	308.57
35300	2.5	2875	13	311.12
35300	2.5	2900	13	313.64
35300	2.55	2700	14	286.44
35300	2.55	2725	14	289.3
35300	2.55	2750	14	292.13
35300	2.55	2775	14	294.97
35300	2.55	2800	14	297.75
35300	2.55	2825	13	306.03
35300	2.55	2850	13	308.61
35300	2.55	2875	13	311.15
35300	2.55	2900	13	313.7
35300	2.6	2700	14	286.28
35300	2.6	2725	14	289.11
35300	2.6	2750	14	291.97
35300	2.6	2775	14	294.84
35300	2.6	2800	14	297.63
35300	2.6	2825	14	300.4
35300	2.6	2850	13	308.64
35300	2.6	2875	13	311.23
35300	2.6	2900	13	313.77
35300	2.65	2700	14	286.07
35300	2.65	2725	14	288.96
35300	2.65	2750	14	291.84
35300	2.65	2775	14	294.68
35300	2.65	2800	14	297.53
35300	2.65	2825	14	300.34
35300	2.65	2850	13	308.65
35300	2.65	2875	13	311.25
35300	2.65	2900	13	313.84
35300	2.7	2700	14	285.9
35300	2.7	2725	14	288.77
35300	2.7	2750	14	291.66
35300	2.7	2775	14	294.57
35300	2.7	2800	14	297.38
35300	2.7	2825	14	300.21
35300	2.7	2850	14	303.01
35300	2.7	2875	13	311.27
35300	2.7	2900	13	313.87
35300	2.75	2700	14	285.66
35300	2.75	2725	14	288.6
35300	2.75	2750	14	291.51
35300	2.75	2775	14	294.39
35300	2.75	2800	14	297.26
35300	2.75	2825	14	300.07
35300	2.75	2850	14	302.94
35300	2.75	2875	13	311.26
35300	2.75	2900	13	313.88
35300	2.8	2700	14	285.47
35300	2.8	2725	14	288.43
35300	2.8	2750	14	291.35
35300	2.8	2775	14	294.24
35300	2.8	2800	14	297.09
35300	2.8	2825	14	299.97
35300	2.8	2850	14	302.82
35300	2.8	2875	14	305.63
35300	2.8	2900	13	313.87
35300	2.85	2700	14	285.27
35300	2.85	2725	14	288.2
35300	2.85	2750	14	291.15
35300	2.85	2775	14	294.04
35300	2.85	2800	14	296.96
35300	2.85	2825	14	299.81
35300	2.85	2850	14	302.68
35300	2.85	2875	14	305.56
35300	2.85	2900	13	313.9
35300	2.9	2700	14	285.02
35300	2.9	2725	14	288
35300	2.9	2750	14	290.96
35300	2.9	2775	14	293.88
35300	2.9	2800	14	296.77
35300	2.9	2825	14	299.69
35300	2.9	2850	14	302.57
35300	2.9	2875	14	305.43
35300	2.9	2900	14	308.28
35300	2.95	2700	14	284.8
35300	2.95	2725	14	287.8
35300	2.95	2750	14	290.73
35300	2.95	2775	14	293.66
35300	2.95	2800	14	296.62
35300	2.95	2825	14	299.5
35300	2.95	2850	14	302.42
35300	2.95	2875	14	305.29
35300	2.95	2900	14	308.16
35300	3	2700	14	284.56
35300	3	2725	14	287.55
35300	3	2750	14	290.53
35300	3	2775	14	293.49
35300	3	2800	14	296.41
35300	3	2825	14	299.37
35300	3	2850	14	302.29
35300	3	2875	14	305.18
35300	3	2900	14	308.07
35350	2.5	2700	14	286.83
35350	2.5	2725	14	289.7
35350	2.5	2750	14	292.51
35350	2.5	2775	14	295.34
35350	2.5	2800	14	298.1
35350	2.5	2825	14	300.88
35350	2.5	2850	13	308.83
35350	2.5	2875	13	311.39
35350	2.5	2900	13	313.96
35350	2.55	2700	14	286.71
35350	2.55	2725	14	289.53
35350	2.55	2750	14	292.4
35350	2.55	2775	14	295.22
35350	2.55	2800	14	298.03
35350	2.55	2825	14	300.8
35350	2.55	2850	14	303.54
35350	2.55	2875	13	311.42
35350	2.55	2900	13	314.01
35350	2.6	2700	14	286.51
35350	2.6	2725	14	289.39
35350	2.6	2750	14	292.24
35350	2.6	2775	14	295.07
35350	2.6	2800	14	297.91
35350	2.6	2825	14	300.69
35350	2.6	2850	14	303.46
35350	2.6	2875	13	311.47
35350	2.6	2900	13	314.02
35350	2.65	2700	14	286.3
35350	2.65	2725	14	289.2
35350	2.65	2750	14	292.07
35350	2.65	2775	14	294.97
35350	2.65	2800	14	297.77
35350	2.65	2825	14	300.58
35350	2.65	2850	14	303.37
35350	2.65	2875	14	306.12
35350	2.65	2900	13	314.1
35350	2.7	2700	14	286.12
35350	2.7	2725	14	289.04
35350	2.7	2750	14	291.94
35350	2.7	2775	14	294.81
35350	2.7	2800	14	297.63
35350	2.7	2825	14	300.46
35350	2.7	2850	14	303.26
35350	2.7	2875	14	306.09
35350	2.7	2900	13	314.15
35350	2.75	2700	14	285.9
35350	2.75	2725	14	288.83
35350	2.75	2750	14	291.75
35350	2.75	2775	14	294.63
35350	2.75	2800	14	297.51
35350	2.75	2825	14	300.37
35350	2.75	2850	14	303.2
35350	2.75	2875	14	306
35350	2.75	2900	14	308.77
35350	2.8	2700	14	285.7
35350	2.8	2725	14	288.66
35350	2.8	2750	14	291.55
35350	2.8	2775	14	294.49
35350	2.8	2800	14	297.34
35350	2.8	2825	14	300.22
35350	2.8	2850	14	303.07
35350	2.8	2875	14	305.9
35350	2.8	2900	14	308.72
35350	2.85	2700	14	285.49
35350	2.85	2725	14	288.43
35350	2.85	2750	14	291.39
35350	2.85	2775	14	294.29
35350	2.85	2800	14	297.17
35350	2.85	2825	14	300.07
35350	2.85	2850	14	302.94
35350	2.85	2875	14	305.79
35350	2.85	2900	14	308.62
35350	2.9	2700	14	285.24
35350	2.9	2725	14	288.24
35350	2.9	2750	14	291.21
35350	2.9	2775	14	294.13
35350	2.9	2800	14	297.03
35350	2.9	2825	14	299.95
35350	2.9	2850	14	302.84
35350	2.9	2875	14	305.7
35350	2.9	2900	14	308.51
35350	2.95	2700	14	285.03
35350	2.95	2725	14	288
35350	2.95	2750	14	290.97
35350	2.95	2775	14	293.91
35350	2.95	2800	14	296.83
35350	2.95	2825	14	299.77
35350	2.95	2850	14	302.69
35350	2.95	2875	14	305.56
35350	2.95	2900	14	308.44
35350	3	2700	14	284.8
35350	3	2725	14	287.79
35350	3	2750	14	290.78
35350	3	2775	14	293.73
35350	3	2800	14	296.67
35350	3	2825	14	299.63
35350	3	2850	14	302.52
35350	3	2875	14	305.45
35350	3	2900	14	308.3
35400	2.5	2700	14	287.09
35400	2.5	2725	14	289.96
35400	2.5	2750	14	292.79
35400	2.5	2775	14	295.57
35400	2.5	2800	14	298.38
35400	2.5	2825	14	301.12
35400	2.5	2850	14	303.85
35400	2.5	2875	14	306.6
35400	2.5	2900	13	314.23
35400	2.55	2700	14	286.93
35400	2.55	2725	14	289.8
35400	2.55	2750	14	292.64
35400	2.55	2775	14	295.45
35400	2.55	2800	14	298.27
35400	2.55	2825	14	301.04
35400	2.55	2850	14	303.78
35400	2.55	2875	14	306.51
35400	2.55	2900	13	314.29
35400	2.6	2700	14	286.73
35400	2.6	2725	14	289.62
35400	2.6	2750	14	292.47
35400	2.6	2775	14	295.31
35400	2.6	2800	14	298.15
35400	2.6	2825	14	300.94
35400	2.6	2850	14	303.7
35400	2.6	2875	14	306.5
35400	2.6	2900	14	309.22
35400	2.65	2700	14	286.57
35400	2.65	2725	14	289.43
35400	2.65	2750	14	292.3
35400	2.65	2775	14	295.21
35400	2.65	2800	14	298.02
35400	2.65	2825	14	300.83
35400	2.65	2850	14	303.62
35400	2.65	2875	14	306.43
35400	2.65	2900	14	309.17
35400	2.7	2700	14	286.35
35400	2.7	2725	14	289.27
35400	2.7	2750	14	292.17
35400	2.7	2775	14	295.05
35400	2.7	2800	14	297.91
35400	2.7	2825	14	300.71
35400	2.7	2850	14	303.52
35400	2.7	2875	14	306.35
35400	2.7	2900	14	309.11
35400	2.75	2700	14	286.17
35400	2.75	2725	14	289.07
35400	2.75	2750	14	291.98
35400	2.75	2775	14	294.87
35400	2.75	2800	14	297.76
35400	2.75	2825	14	300.57
35400	2.75	2850	14	303.45
35400	2.75	2875	14	306.26
35400	2.75	2900	14	309.08
35400	2.8	2700	14	285.93
35400	2.8	2725	14	288.89
35400	2.8	2750	14	291.79
35400	2.8	2775	14	294.73
35400	2.8	2800	14	297.59
35400	2.8	2825	14	300.47
35400	2.8	2850	14	303.34
35400	2.8	2875	14	306.16
35400	2.8	2900	14	308.99
35400	2.85	2700	14	285.73
35400	2.85	2725	14	288.67
35400	2.85	2750	14	291.62
35400	2.85	2775	14	294.54
35400	2.85	2800	14	297.41
35400	2.85	2825	14	300.32
35400	2.85	2850	14	303.2
35400	2.85	2875	14	306.06
35400	2.85	2900	14	308.89
35400	2.9	2700	14	285.47
35400	2.9	2725	14	288.43
35400	2.9	2750	14	291.4
35400	2.9	2775	14	294.33
35400	2.9	2800	14	297.27
35400	2.9	2825	14	300.15
35400	2.9	2850	14	303.06
35400	2.9	2875	14	305.97
35400	2.9	2900	14	308.78
35400	2.95	2700	14	285.26
35400	2.95	2725	14	288.23
35400	2.95	2750	14	291.21
35400	2.95	2775	14	294.16
35400	2.95	2800	14	297.08
35400	2.95	2825	14	300.02
35400	2.95	2850	14	302.95
35400	2.95	2875	14	305.83
35400	2.95	2900	14	308.67
35400	3	2700	14	284.99
35400	3	2725	14	288.03
35400	3	2750	14	290.97
35400	3	2775	14	293.93
35400	3	2800	14	296.92
35400	3	2825	14	299.84
35400	3	2850	14	302.78
35400	3	2875	14	305.68
35400	3	2900	14	308.58
35450	2.5	2700	14	287.31
35450	2.5	2725	14	290.18
35450	2.5	2750	14	293.02
35450	2.5	2775	14	295.85
35450	2.5	2800	14	298.62
35450	2.5	2825	14	301.41
35450	2.5	2850	14	304.14
35450	2.5	2875	14	306.83
35450	2.5	2900	14	309.54
35450	2.55	2700	14	287.16
35450	2.55	2725	14	290.02
35450	2.55	2750	14	292.87
35450	2.55	2775	14	295.73
35450	2.55	2800	14	298.51
35450	2.55	2825	14	301.29
35450	2.55	2850	14	304.08
35450	2.55	2875	14	306.8
35450	2.55	2900	14	309.54
35450	2.6	2700	14	287
35450	2.6	2725	14	289.84
35450	2.6	2750	14	292.71
35450	2.6	2775	14	295.59
35450	2.6	2800	14	298.44
35450	2.6	2825	14	301.19
35450	2.6	2850	14	304
35450	2.6	2875	14	306.75
35450	2.6	2900	14	309.48
35450	2.65	2700	14	286.79
35450	2.65	2725	14	289.7
35450	2.65	2750	14	292.58
35450	2.65	2775	14	295.45
35450	2.65	2800	14	298.31
35450	2.65	2825	14	301.09
35450	2.65	2850	14	303.92
35450	2.65	2875	14	306.68
35450	2.65	2900	14	309.48
35450	2.7	2700	14	286.57
35450	2.7	2725	14	289.51
35450	2.7	2750	14	292.41
35450	2.7	2775	14	295.29
35450	2.7	2800	14	298.16
35450	2.7	2825	14	300.96
35450	2.7	2850	14	303.78
35450	2.7	2875	14	306.61
35450	2.7	2900	14	309.42
35450	2.75	2700	14	286.35
35450	2.75	2725	14	289.3
35450	2.75	2750	14	292.23
35450	2.75	2775	14	295.12
35450	2.75	2800	14	298
35450	2.75	2825	14	300.87
35450	2.75	2850	14	303.71
35450	2.75	2875	14	306.52
35450	2.75	2900	14	309.35
35450	2.8	2700	14	286.16
35450	2.8	2725	14	289.13
35450	2.8	2750	14	292.03
35450	2.8	2775	14	294.93
35450	2.8	2800	14	297.84
35450	2.8	2825	14	300.73
35450	2.8	2850	14	303.59
35450	2.8	2875	14	306.43
35450	2.8	2900	14	309.26
35450	2.85	2700	14	285.92
35450	2.85	2725	14	288.9
35450	2.85	2750	14	291.87
35450	2.85	2775	14	294.78
35450	2.85	2800	14	297.67
35450	2.85	2825	14	300.58
35450	2.85	2850	14	303.46
35450	2.85	2875	14	306.32
35450	2.85	2900	14	309.17
35450	2.9	2700	14	285.71
35450	2.9	2725	14	288.67
35450	2.9	2750	14	291.65
35450	2.9	2775	14	294.58
35450	2.9	2800	14	297.48
35450	2.9	2825	14	300.41
35450	2.9	2850	14	303.32
35450	2.9	2875	14	306.19
35450	2.9	2900	14	309.06
35450	2.95	2700	14	285.45
35450	2.95	2725	14	288.47
35450	2.95	2750	14	291.42
35450	2.95	2775	14	294.37
35450	2.95	2800	14	297.33
35450	2.95	2825	14	300.24
35450	2.95	2850	14	303.17
35450	2.95	2875	14	306.05
35450	2.95	2900	14	308.94
35450	3	2700	14	285.22
35450	3	2725	14	288.22
35450	3	2750	14	291.22
35450	3	2775	14	294.19
35450	3	2800	14	297.13
35450	3	2825	14	300.11
35450	3	2850	14	303.05
35450	3	2875	14	305.95
35450	3	2900	14	308.81
35500	2.5	2700	14	287.57
35500	2.5	2725	14	290.45
35500	2.5	2750	14	293.28
35500	2.5	2775	14	296.09
35500	2.5	2800	14	298.9
35500	2.5	2825	14	301.66
35500	2.5	2850	14	304.38
35500	2.5	2875	14	307.12
35500	2.5	2900	14	309.78
35500	2.55	2700	14	287.42
35500	2.55	2725	14	290.28
35500	2.55	2750	14	293.14
35500	2.55	2775	14	295.96
35500	2.55	2800	14	298.8
35500	2.55	2825	14	301.57
35500	2.55	2850	14	304.33
35500	2.55	2875	14	307.05
35500	2.55	2900	14	309.79
35500	2.6	2700	14	287.22
35500	2.6	2725	14	290.11
35500	2.6	2750	14	292.98
35500	2.6	2775	14	295.83
35500	2.6	2800	14	298.68
35500	2.6	2825	14	301.48
35500	2.6	2850	14	304.26
35500	2.6	2875	14	307
35500	2.6	2900	14	309.78
35500	2.65	2700	14	287.01
35500	2.65	2725	14	289.93
35500	2.65	2750	14	292.82
35500	2.65	2775	14	295.69
35500	2.65	2800	14	298.55
35500	2.65	2825	14	301.38
35500	2.65	2850	14	304.18
35500	2.65	2875	14	306.94
35500	2.65	2900	14	309.74
35500	2.7	2700	14	286.8
35500	2.7	2725	14	289.73
35500	2.7	2750	14	292.65
35500	2.7	2775	14	295.53
35500	2.7	2800	14	298.41
35500	2.7	2825	14	301.26
35500	2.7	2850	14	304.08
35500	2.7	2875	14	306.87
35500	2.7	2900	14	309.68
35500	2.75	2700	14	286.62
35500	2.75	2725	14	289.53
35500	2.75	2750	14	292.46
35500	2.75	2775	14	295.35
35500	2.75	2800	14	298.25
35500	2.75	2825	14	301.13
35500	2.75	2850	14	303.97
35500	2.75	2875	14	306.79
35500	2.75	2900	14	309.61
35500	2.8	2700	14	286.38
35500	2.8	2725	14	289.31
35500	2.8	2750	14	292.26
35500	2.8	2775	14	295.17
35500	2.8	2800	14	298.09
35500	2.8	2825	14	300.94
35500	2.8	2850	14	303.81
35500	2.8	2875	14	306.7
35500	2.8	2900	14	309.49
35500	2.85	2700	14	286.14
35500	2.85	2725	14	289.14
35500	2.85	2750	14	292.11
35500	2.85	2775	14	295.03
35500	2.85	2800	14	297.92
35500	2.85	2825	14	300.83
35500	2.85	2850	14	303.72
35500	2.85	2875	14	306.59
35500	2.85	2900	14	309.44
35500	2.9	2700	14	285.94
35500	2.9	2725	14	288.9
35500	2.9	2750	14	291.89
35500	2.9	2775	14	294.82
35500	2.9	2800	14	297.74
35500	2.9	2825	14	300.67
35500	2.9	2850	14	303.58
35500	2.9	2875	14	306.47
35500	2.9	2900	14	309.29
35500	2.95	2700	14	285.68
35500	2.95	2725	14	288.66
35500	2.95	2750	14	291.66
35500	2.95	2775	14	294.62
35500	2.95	2800	14	297.55
35500	2.95	2825	14	300.5
35500	2.95	2850	14	303.43
35500	2.95	2875	14	306.32
35500	2.95	2900	14	309.22
35500	3	2700	14	285.4
35500	3	2725	14	288.45
35500	3	2750	14	291.42
35500	3	2775	14	294.39
35500	3	2800	14	297.39
35500	3	2825	14	300.32
35500	3	2850	14	303.28
35500	3	2875	14	306.18
35500	3	2900	14	309.09
